/home/vaibhav/test/contiki//tools/sky/serialdump-linux -b115200 /dev/ttyUSB0
10 14 12 11 16 15 15 13 6 5 6 6 5 8 8 7 6 6 5 5 6 5 5 5 5 5 5 5 7 5 4 5 5 7 7 9 11 15 40 7 48 43 34 17 7 
RSSI:9 5 9 16 5 6 6 10 12 13 8 10 6 5 6 6 6 5 6 6 5 6 5 5 5 6 6 4 5 7 6 5 6 6 5 8 7 6 6 6 5 6 5 5 6 6 6 6 8 9 7 7 8 8 9 10 9 7 8 10 8 7 8 10 9 16 15 19 8 9 10 8 4 7 9 10 10 10 10 4 6 11 10 13 11 14 6 5 11 10 10 11 13 6 14 26 26 35 26 19 3 75 75 71 59 29 3 
RSSI:8 18 6 6 5 6 7 6 18 41 40 19 6 6 7 7 5 7 5 6 7 5 6 7 7 6 8 11 8 5 7 6 6 7 7 7 6 5 7 7 7 8 8 9 5 5 5 6 5 10 10 10 12 12 10 7 12 11 16 16 18 15 11 12 11 12 15 5 5 27 35 32 22 67 5 5 72 59 34 23 
RSSI:6 6 8 9 9 6 6 6 6 6 7 6 6 6 6 6 7 6 6 6 7 6 6 7 6 7 6 6 9 9 9 8 7 8 8 8 8 8 8 8 6 8 9 10 10 10 11 9 12 12 14 12 13 8 9 13 15 17 18 18 5 6 13 12 12 16 23 6 15 31 36 18 28 69 5 74 75 62 29 19 
RSSI:6 7 7 15 8 10 9 10 8 8 11 10 7 8 7 7 6 6 7 6 7 7 6 7 7 7 8 7 8 7 6 12 9 8 22 21 19 5 8 10 9 9 10 11 6 6 11 12 12 14 14 10 16 14 14 15 14 10 10 20 17 15 14 14 4 15 24 24 27 31 9 4 5 5 5 5 5 5 5 4 
RSSI:7 8 15 9 9 30 29 27 26 26 6 7 7 6 6 6 6 6 6 5 6 6 6 6 5 7 6 7 6 11 12 13 9 6 7 7 7 6 7 7 7 8 9 11 11 10 12 12 12 11 12 11 10 14 14 12 12 14 6 12 15 14 12 12 12 12 20 26 26 29 38 15 24 69 76 72 74 4 4 26 
RSSI:6 6 7 7 7 8 17 21 17 6 8 6 11 17 21 24 7 7 8 6 6 6 6 6 6 6 5 6 8 14 7 6 7 7 6 12 12 9 7 9 9 6 8 11 12 13 13 13 11 14 14 10 23 26 9 10 12 29 30 31 29 11 12 10 11 12 14 7 5 27 35 32 28 62 5 5 70 58 27 28 
RSSI:6 7 9 14 8 7 8 7 7 7 6 6 6 6 6 6 6 6 6 6 12 12 12 7 6 6 6 6 6 6 7 7 6 5 6 6 7 6 6 7 7 6 7 5 7 7 8 8 9 8 6 7 9 8 8 8 8 19 18 10 11 16 14 8 8 5 12 17 21 23 31 4 5 59 72 71 69 54 4 4 
RSSI:6 7 7 7 7 6 6 6 7 10 10 9 8 6 6 6 5 6 6 5 5 6 6 6 5 6 6 7 6 6 6 6 6 6 6 7 6 8 8 8 7 7 8 8 6 5 7 8 8 10 10 10 7 15 17 20 13 12 19 9 14 11 10 10 10 4 16 26 25 26 35 5 5 65 75 75 72 58 5 5 
RSSI:6 9 7 9 12 10 8 8 8 20 19 17 8 6 7 6 6 6 6 6 6 6 5 6 6 6 6 6 6 6 6 6 6 9 8 8 7 9 10 15 8 8 8 5 6 9 9 10 10 11 6 11 14 14 14 14 14 10 17 18 15 13 12 12 6 6 13 5 4 4 4 4 4 4 4 4 4 5 5 4 
RSSI:6 6 7 6 7 7 9 6 5 -4 32 32 16 7 6 6 5 6 6 6 6 6 6 5 6 6 6 8 10 10 7 10 9 9 7 8 8 8 6 6 8 8 9 10 11 10 9 13 12 12 13 14 11 13 17 19 19 20 21 13 20 17 14 13 12 5 4 26 26 28 36 33 5 4 73 72 74 60 29 6 
RSSI:6 9 7 7 14 6 6 9 12 13 9 8 7 6 6 6 7 6 6 6 6 5 6 6 8 6 6 6 6 6 7 6 7 7 18 16 10 10 9 8 8 8 10 10 11 12 12 13 13 13 11 16 18 12 11 12 5 5 17 17 15 14 11 4 9 13 18 26 27 29 5 37 21 64 76 77 4 4 32 26 
RSSI:7 7 12 6 7 9 7 6 7 6 7 6 5 6 7 5 7 6 6 5 6 6 6 6 6 7 5 6 7 6 19 22 25 7 7 7 7 5 8 8 8 9 9 10 5 6 10 11 11 11 12 6 6 14 13 12 12 13 6 12 16 13 12 12 7 5 20 27 26 29 35 5 5 70 75 77 74 61 5 6 
RSSI:8 11 16 19 8 6 42 42 42 6 7 9 6 6 6 6 8 5 6 7 6 6 9 7 5 6 6 8 8 6 10 6 7 8 8 6 6 8 8 8 7 11 10 11 9 12 10 11 11 6 7 15 16 17 16 19 18 21 20 18 17 13 12 4 12 13 20 25 26 4 9 32 24 68 75 77 3 9 38 29 
RSSI:10 6 7 7 7 6 10 6 6 8 6 16 16 11 9 7 8 8 7 6 6 10 9 6 9 5 6 9 8 8 7 8 9 9 6 16 13 10 7 9 6 6 10 10 9 11 11 7 10 12 12 12 12 15 14 18 5 10 6 4 5 4 4 9 4 3 7 5 5 3 4 7 5 55 76 75 72 57 6 3 
RSSI:6 6 12 14 16 18 16 11 12 12 13 12 13 10 7 6 7 6 6 9 5 7 7 7 6 6 5 31 28 24 19 17 7 5 15 28 25 25 8 9 4 5 8 12 14 13 12 12 12 12 14 15 12 13 11 14 13 12 17 18 10 12 12 12 13 13 5 5 27 28 34 30 26 4 5 75 73 60 32 22 
RSSI:20 23 18 20 7 5 9 6 6 8 7 10 9 5 6 7 6 7 6 6 9 6 6 10 8 9 13 10 6 6 5 23 22 19 6 7 10 6 6 9 11 8 9 10 11 14 10 11 10 12 11 14 13 13 24 23 22 9 16 18 15 12 12 4 11 14 17 23 28 7 5 20 29 66 76 75 8 4 33 20 
RSSI:14 8 10 5 7 11 8 8 11 7 7 10 6 6 6 11 6 6 6 5 10 6 8 7 6 6 9 6 10 11 6 7 7 8 7 8 5 8 8 7 7 8 10 7 8 9 10 12 10 10 6 9 15 28 18 19 32 9 18 22 21 18 16 11 5 12 18 28 26 25 4 5 22 67 76 72 73 4 13 29 
RSSI:6 11 6 10 7 11 6 6 6 6 7 5 7 10 6 6 9 5 5 7 6 7 5 6 6 9 9 8 6 6 7 6 6 7 5 9 7 7 10 5 7 11 5 9 10 10 9 9 10 7 11 12 10 11 11 12 12 15 17 16 15 12 6 10 12 13 14 24 21 7 34 27 25 63 76 4 8 59 31 22 
RSSI:6 6 7 7 7 9 7 6 8 6 5 7 6 9 6 8 10 4 7 10 6 6 9 6 6 8 7 6 6 5 11 10 10 10 8 8 8 9 8 8 9 5 9 6 5 6 7 7 9 5 5 6 5 6 5 5 8 4 4 9 13 12 11 11 11 4 6 27 26 27 36 29 4 53 76 75 73 61 4 6 
RSSI:6 8 10 15 7 7 8 6 7 9 10 18 12 11 10 6 6 6 5 5 6 5 6 5 6 6 6 7 6 6 6 7 5 6 6 7 9 9 7 7 10 7 17 5 5 8 9 10 10 12 12 11 12 12 14 15 25 26 27 16 15 11 10 3 5 14 17 20 28 27 4 4 19 65 75 75 71 5 14 22 
RSSI:6 6 6 5 6 6 6 6 6 6 6 5 6 6 6 6 6 6 6 6 6 5 6 6 6 6 6 5 7 21 6 6 7 7 8 8 8 24 24 24 8 6 7 9 13 13 13 11 11 11 13 12 11 11 11 11 10 12 15 13 12 10 5 9 9 10 13 21 21 5 32 28 25 60 73 4 4 55 26 20 
RSSI:7 8 6 8 9 8 6 6 6 7 8 7 38 31 21 6 5 6 5 10 5 5 9 6 6 8 11 15 18 6 6 6 5 6 9 5 7 6 7 6 6 6 11 10 11 11 11 11 11 10 11 11 11 11 11 11 7 9 10 11 10 8 13 4 8 9 11 14 19 22 4 31 20 57 71 70 5 3 33 21 
RSSI:6 6 7 12 6 8 8 7 8 9 6 6 6 6 7 6 6 11 9 6 9 6 6 8 7 9 6 5 8 5 11 10 12 9 8 8 10 7 10 6 6 9 7 11 13 12 13 11 12 13 12 12 12 11 12 11 18 11 12 12 11 6 7 8 8 10 12 17 4 22 26 21 21 57 5 4 65 52 27 21 
RSSI:7 7 6 7 6 11 11 12 11 12 12 9 7 8 8 8 8 6 6 6 6 5 6 6 6 7 6 6 6 5 6 6 9 7 6 19 15 13 15 7 6 5 6 7 5 5 6 6 6 7 7 7 7 7 7 7 6 5 9 11 17 9 8 8 5 9 12 12 15 18 20 4 23 55 64 67 62 5 4 17 
RSSI:6 6 7 6 15 13 12 6 27 26 26 24 24 21 6 7 6 6 6 6 9 6 6 6 6 6 7 8 15 14 13 6 6 6 6 5 7 6 6 6 4 6 6 6 8 6 7 7 6 6 6 7 7 7 7 7 5 6 9 9 8 6 7 6 6 6 13 13 14 18 26 4 7 55 64 67 61 50 4 5 
RSSI:8 8 8 12 8 9 8 7 6 6 9 8 7 6 7 6 6 5 6 5 6 5 32 32 33 12 17 20 6 6 6 6 6 6 7 5 6 6 6 6 6 6 8 9 12 12 11 7 8 10 10 11 12 11 10 8 8 8 9 30 30 26 22 16 6 9 12 13 14 20 4 4 25 54 65 68 62 5 5 5 
RSSI:10 23 24 6 6 7 9 9 9 6 6 7 6 6 7 6 6 7 7 8 7 9 6 9 10 19 13 9 6 5 20 20 20 5 8 12 10 11 7 6 7 4 7 10 11 10 10 10 11 9 10 11 10 20 22 23 7 10 11 11 11 9 8 6 7 8 11 17 19 19 7 21 22 57 69 69 13 5 30 20 
RSSI:6 9 10 10 15 7 7 9 8 10 10 11 6 8 9 5 6 7 6 8 6 6 11 5 6 10 6 5 10 11 6 6 9 9 9 6 6 7 11 6 7 9 9 11 7 6 8 6 5 8 8 18 23 28 28 8 18 19 12 11 10 10 11 8 8 10 12 15 5 15 26 29 23 54 70 5 67 53 26 22 
RSSI:9 7 7 15 7 7 8 7 7 6 7 11 6 7 9 6 9 8 6 6 9 7 9 6 5 8 6 5 6 7 5 5 7 9 6 6 7 6 6 5 6 6 6 6 10 7 9 10 7 9 8 8 8 10 8 8 11 8 8 12 11 10 8 10 5 4 12 17 20 22 31 7 7 60 71 71 67 55 5 26 
RSSI:8 6 9 14 12 13 13 11 6 6 7 10 6 6 9 6 6 10 6 5 10 6 6 9 6 6 9 5 6 7 6 5 8 8 10 7 8 9 7 6 9 9 6 8 7 7 6 7 11 6 8 10 8 8 9 7 11 7 7 11 10 9 8 8 6 4 12 18 19 20 29 9 4 58 71 69 66 51 5 12 
RSSI:6 12 6 15 19 21 8 9 12 6 7 10 6 7 13 11 9 6 12 10 7 6 9 18 6 6 6 6 6 6 6 6 9 7 7 6 7 6 6 7 7 6 6 6 7 8 8 8 8 7 7 10 9 10 15 17 19 20 12 25 24 8 8 5 6 11 12 15 19 21 5 5 4 4 4 69 64 53 26 19 
RSSI:6 6 7 8 7 6 7 6 6 6 6 6 6 6 6 6 5 6 6 6 6 6 6 6 6 6 6 6 7 8 8 6 6 6 6 7 6 7 8 8 9 19 18 15 11 11 11 11 11 11 11 11 11 10 11 12 11 11 13 9 11 10 8 8 8 7 5 4 19 20 29 28 23 5 70 69 64 53 26 5 
RSSI:6 7 14 8 8 11 10 11 11 11 8 8 7 6 6 6 7 6 7 6 6 6 6 6 7 6 5 5 14 16 16 16 16 6 6 6 6 7 6 7 6 6 8 10 11 11 11 12 11 11 10 11 11 11 11 11 9 9 12 12 10 9 8 8 5 9 12 14 18 22 23 4 24 54 68 69 63 5 5 21 
RSSI:7 6 6 6 5 6 6 6 6 6 6 7 7 6 6 6 6 6 6 6 6 6 6 6 6 6 6 7 9 6 6 6 6 5 7 9 8 7 7 6 9 13 8 9 10 11 8 7 6 6 8 6 6 6 5 6 6 5 5 5 5 5 5 4 4 4 4 4 5 4 4 4 5 6 5 4 5 5 4 5 
RSSI:7 7 6 6 6 6 8 7 44 43 46 6 6 6 7 5 7 6 6 6 6 6 5 5 6 7 9 12 7 6 6 7 6 7 7 6 6 6 6 7 6 5 7 6 7 7 6 6 6 7 6 8 11 14 14 14 7 8 9 9 8 7 17 5 6 9 12 11 14 15 5 25 21 55 63 66 4 5 32 18 
RSSI:7 9 6 6 13 7 7 6 6 6 6 6 6 6 6 6 6 6 6 6 6 6 6 6 6 6 7 6 6 10 10 9 9 8 8 8 8 6 6 6 6 6 6 7 6 7 6 7 7 7 5 6 7 7 7 7 7 6 5 9 7 6 6 6 7 4 4 12 14 18 24 16 4 5 63 63 61 48 27 5 
RSSI:15 33 37 15 9 16 16 9 9 8 7 7 7 14 22 26 28 24 28 31 32 28 27 28 28 6 7 10 11 9 10 8 7 8 8 8 7 15 16 9 5 6 7 7 6 6 7 8 8 7 7 6 5 7 7 7 7 7 9 5 5 7 7 6 7 7 11 5 12 18 26 26 30 57 5 67 61 49 24 20 
RSSI:7 6 7 6 7 6 17 18 18 15 32 28 26 28 24 19 6 6 6 5 6 28 28 28 28 34 32 32 28 13 20 14 11 10 6 7 7 6 6 6 6 6 6 10 11 11 12 11 11 11 12 11 10 12 6 5 7 10 11 11 11 8 7 16 13 10 12 13 8 5 26 27 23 55 64 4 19 50 30 21 
RSSI:10 10 15 7 7 8 11 12 20 21 19 11 7 6 9 17 28 30 10 7 7 8 6 6 10 5 6 9 6 5 8 5 7 8 6 9 5 4 8 7 6 6 10 10 11 13 11 14 14 10 11 11 13 17 19 19 19 29 30 29 28 24 7 14 4 5 5 5 5 4 5 4 4 4 5 4 4 5 5 4 
RSSI:6 6 6 6 7 6 7 6 6 6 10 9 6 6 6 5 5 6 6 7 6 7 5 6 5 22 22 22 9 5 9 5 6 6 5 7 6 6 9 6 5 6 8 11 12 11 11 10 10 7 9 10 24 26 26 7 25 26 26 8 7 4 6 6 6 8 11 13 5 4 25 25 23 56 63 6 8 49 23 20 
RSSI:20 32 20 21 24 24 28 28 28 24 46 40 36 30 6 6 9 6 6 6 6 6 5 6 8 6 5 6 6 7 5 6 9 6 6 9 9 7 6 7 9 6 7 8 7 7 5 7 7 6 8 10 12 11 11 9 10 9 10 9 11 11 5 4 5 7 11 12 16 18 24 5 21 54 63 65 60 4 5 18 
RSSI:6 8 17 6 7 11 9 6 7 8 16 8 16 10 7 6 6 6 6 5 6 6 6 6 6 5 5 6 6 6 6 6 7 6 6 6 6 7 6 6 6 6 6 6 6 5 5 7 7 6 7 6 7 6 7 10 9 10 11 8 9 6 6 6 6 6 9 12 7 4 23 19 22 53 62 5 4 45 25 19 
RSSI:6 6 8 9 11 12 11 6 6 6 6 6 6 6 6 6 6 6 6 6 6 6 6 6 6 6 6 5 6 6 6 6 9 9 9 7 7 7 6 6 6 5 7 6 9 9 7 8 7 6 6 6 11 17 10 6 5 6 11 10 10 8 -2 5 5 6 9 12 13 15 4 4 16 49 61 61 58 4 4 21 
RSSI:17 21 23 26 14 25 24 23 7 10 7 6 13 12 12 11 6 6 6 6 5 6 6 6 6 6 6 5 7 9 9 10 6 6 6 6 6 6 6 6 5 6 7 9 12 12 11 11 11 12 11 11 11 11 10 11 11 26 26 10 9 7 5 4 4 4 5 4 4 5 4 4 4 4 4 4 4 4 5 4 
RSSI:6 6 6 9 6 7 6 6 6 6 6 5 6 6 6 6 6 6 5 6 6 6 5 5 6 5 6 6 6 6 6 8 7 8 8 6 6 5 7 7 7 16 16 14 11 12 12 12 11 11 11 11 11 10 10 11 10 11 10 11 9 8 6 5 5 4 6 10 14 13 22 5 4 49 59 59 56 45 4 5 
RSSI:7 10 7 7 13 6 9 9 10 10 9 5 6 6 6 6 6 8 8 7 6 6 5 6 6 6 5 14 18 21 20 20 20 20 20 11 5 6 6 6 6 6 8 10 11 12 12 12 11 11 11 11 11 10 11 11 11 10 10 11 10 7 6 5 5 6 9 11 14 4 4 22 17 50 60 60 4 21 24 17 
RSSI:6 7 13 6 6 6 6 6 7 7 12 7 6 7 6 6 5 6 6 6 6 5 6 6 5 6 6 6 6 6 6 6 6 6 9 8 7 6 6 6 6 6 8 10 11 12 11 12 12 11 11 12 11 11 10 11 12 11 18 13 9 7 6 9 5 6 8 13 4 7 22 22 19 48 61 4 59 46 23 18 
RSSI:10 34 38 42 29 10 6 6 10 6 16 13 12 8 6 11 7 7 6 7 6 6 6 5 6 6 5 8 6 7 6 6 5 5 5 6 6 7 7 5 11 7 6 6 11 12 11 12 10 11 12 11 11 11 11 11 11 11 11 11 10 7 6 7 5 5 5 11 13 16 23 22 5 50 61 61 58 48 15 5 
RSSI:6 6 7 16 6 6 18 19 19 10 26 23 20 23 20 9 8 5 6 6 6 6 6 5 6 6 6 5 13 16 14 5 5 12 10 10 7 6 6 5 8 5 9 10 6 8 6 6 7 6 12 11 11 11 11 5 6 5 7 10 10 8 6 4 5 6 5 11 13 15 23 21 5 7 61 61 59 46 24 8 
RSSI:10 10 13 11 14 10 6 6 6 11 8 7 10 12 10 6 7 8 9 19 30 32 10 9 12 5 6 6 5 5 7 6 6 7 7 7 9 5 8 5 6 9 9 10 12 14 12 12 11 11 11 11 11 12 12 12 12 11 14 12 30 26 7 7 6 9 9 12 12 4 12 22 22 52 62 51 4 44 24 18 
RSSI:23 25 7 7 6 7 9 6 6 6 6 10 8 8 6 6 5 9 6 6 9 6 5 7 6 7 12 12 11 16 8 5 5 5 4 9 6 6 10 6 5 9 6 10 14 12 13 11 11 12 15 17 19 12 11 11 12 11 12 10 10 9 7 5 6 6 7 4 4 15 22 20 22 48 4 61 58 46 26 22 
RSSI:6 9 6 8 15 8 8 8 6 8 9 7 7 9 7 7 6 6 7 6 5 10 6 6 8 6 9 10 6 6 9 7 6 9 6 7 6 8 6 7 10 12 11 6 5 6 7 6 6 6 6 16 10 10 18 18 18 19 19 17 16 12 10 5 5 5 5 7 11 12 20 18 21 14 6 4 4 4 24 15 
RSSI:6 6 15 6 8 6 6 6 6 7 7 6 5 11 7 6 5 6 6 6 6 6 5 6 5 5 6 6 6 6 6 6 6 6 7 6 6 6 6 6 5 6 7 6 6 6 6 6 6 6 6 6 5 6 5 6 7 8 9 9 8 7 5 5 5 4 4 4 8 8 15 16 16 5 5 53 47 38 18 11 
RSSI:7 9 6 9 14 11 11 11 7 5 6 6 6 6 6 6 6 5 6 5 5 6 6 6 6 6 6 6 6 6 6 6 6 6 9 8 7 7 6 6 6 6 6 6 5 5 6 7 6 6 6 5 6 7 8 5 19 18 18 18 5 5 5 4 5 5 4 5 5 6 7 4 5 33 42 42 40 29 5 6 
RSSI:7 6 7 6 6 7 7 7 10 11 21 18 13 6 6 7 6 6 6 6 6 6 6 6 6 6 6 6 6 6 6 6 7 17 7 8 8 8 7 5 5 7 8 10 11 12 11 11 10 10 8 10 10 10 9 10 10 10 9 9 9 7 15 10 4 5 5 5 5 6 8 5 5 33 45 42 40 27 4 4 
RSSI:7 9 7 7 14 6 6 6 6 9 7 7 7 6 6 6 6 6 6 7 6 7 10 5 5 10 7 7 9 5 9 11 8 8 9 7 8 9 5 7 9 6 8 8 11 11 13 10 11 9 12 10 11 10 10 10 9 11 9 6 6 8 6 4 7 4 5 5 5 9 12 11 4 7 46 48 43 36 16 5 
RSSI:6 7 8 14 7 6 10 14 15 13 11 8 11 8 7 6 9 6 6 6 6 7 7 5 9 7 6 10 9 7 8 6 8 7 16 14 14 9 8 8 5 5 10 9 11 11 12 10 10 10 12 12 14 16 9 9 9 10 9 10 10 8 6 5 6 5 7 7 6 7 11 11 13 39 5 48 43 34 14 8 
RSSI:7 6 7 8 6 6 6 6 6 6 6 8 7 6 7 6 5 5 6 10 6 6 9 6 6 10 6 6 9 5 6 8 6 24 25 24 6 4 5 10 6 6 6 11 17 17 14 7 8 6 6 5 6 9 9 9 8 7 7 6 6 6 6 5 5 6 5 6 6 4 11 14 16 41 46 4 4 33 16 11 
RSSI:6 7 9 11 9 11 10 6 6 7 5 20 40 33 14 10 7 7 7 6 7 5 10 6 6 7 9 12 6 5 6 9 7 5 8 5 5 8 6 7 6 5 6 6 4 11 6 7 7 11 5 9 6 5 7 11 9 10 5 6 8 6 8 7 10 8 6 9 8 8 16 10 8 36 45 45 42 36 5 6 
RSSI:6 6 16 8 7 7 10 10 6 7 7 9 11 10 8 6 6 8 6 6 9 6 6 6 6 7 9 5 9 6 10 9 11 9 10 9 10 8 9 5 5 9 6 5 5 5 9 7 7 7 5 8 11 13 16 16 15 15 16 5 6 11 9 9 8 5 10 9 9 8 12 12 7 42 47 50 44 38 6 4 
RSSI:7 6 11 18 11 7 10 9 8 45 44 42 9 12 20 6 6 8 6 7 7 6 7 7 5 8 6 6 6 6 9 6 6 9 6 6 6 8 7 6 12 8 6 9 10 6 9 11 12 6 7 10 8 10 8 8 8 9 8 7 8 6 6 6 4 7 4 7 10 8 13 13 16 4 50 53 48 41 19 4 
RSSI:7 6 18 6 6 10 5 6 8 14 13 12 11 12 11 10 11 6 6 5 5 6 9 6 7 7 7 5 5 5 8 17 17 16 11 5 6 7 5 6 9 5 6 8 8 9 10 10 8 10 9 9 10 9 8 9 9 8 10 8 8 8 5 5 7 5 6 8 6 6 15 18 18 43 56 4 22 44 22 15 
RSSI:6 14 6 11 9 10 9 8 13 12 11 5 7 6 8 7 6 9 8 5 6 5 7 6 8 38 36 34 17 17 18 9 9 7 6 6 6 5 8 6 7 8 7 10 7 6 8 7 7 7 6 5 6 6 7 7 6 6 7 6 6 5 6 8 7 6 7 9 10 5 4 19 20 47 57 57 5 43 22 18 
RSSI:7 8 18 20 22 22 19 22 6 6 6 7 7 7 6 6 6 6 6 7 6 6 6 6 8 9 11 12 6 6 6 6 6 6 6 6 7 6 5 6 6 6 6 6 5 6 6 6 6 5 10 5 6 6 5 6 5 6 5 6 7 5 14 11 8 5 5 14 12 12 5 5 6 5 30 30 27 17 4 4 
RSSI:7 8 10 7 6 10 8 12 14 10 8 11 8 7 8 15 23 26 32 18 10 16 6 6 6 6 6 6 6 6 6 7 8 9 7 7 7 5 9 8 16 14 14 10 7 5 6 7 11 6 8 6 6 24 26 26 26 27 18 19 18 11 10 5 6 5 4 5 5 4 5 5 4 22 31 31 28 18 5 6 
RSSI:6 7 17 6 6 6 6 6 6 6 6 7 7 6 6 6 5 6 6 6 6 6 6 6 6 7 18 20 21 6 6 6 5 6 6 6 6 6 5 6 5 7 6 6 6 6 8 6 6 6 5 10 15 19 13 6 6 5 6 9 8 6 6 5 5 4 8 7 6 7 7 7 7 22 26 6 28 19 4 7 
RSSI:10 9 11 17 18 10 13 12 14 11 10 10 20 11 9 9 8 7 9 7 8 8 10 9 9 10 8 9 10 10 9 8 9 8 10 10 10 10 10 11 11 8 9 9 13 14 13 12 12 9 12 13 11 10 12 12 12 13 14 9 8 7 6 5 6 5 5 5 5 6 4 5 6 21 4 4 28 18 4 4 
RSSI:6 7 6 8 8 6 6 6 6 6 6 7 7 5 7 6 6 6 7 6 6 6 6 6 5 6 6 6 6 6 6 6 6 6 6 6 7 7 6 5 6 5 8 10 12 12 12 11 10 7 5 6 11 10 10 10 16 18 18 18 13 8 6 5 5 4 5 5 4 6 5 5 6 22 31 31 4 5 6 5 
RSSI:7 6 7 8 8 7 7 7 7 7 7 6 7 6 6 6 6 6 7 42 41 42 40 7 38 37 33 28 28 26 21 15 6 8 7 6 8 6 6 5 6 6 8 6 5 8 7 7 6 6 6 6 8 14 17 18 18 12 16 17 16 13 10 6 6 6 5 5 4 5 5 4 4 4 5 5 4 4 5 5 
RSSI:7 8 19 24 26 10 15 10 9 8 8 8 14 14 16 21 17 6 8 6 7 6 6 6 7 6 7 6 6 7 8 8 6 6 7 6 6 7 6 8 6 5 7 10 11 11 11 11 10 10 10 10 10 12 13 16 22 23 9 8 8 6 5 5 4 5 5 4 4 4 5 4 5 15 24 5 22 12 4 4 
RSSI:6 8 6 7 9 6 6 9 7 6 12 12 13 14 12 8 7 7 7 6 10 6 6 8 7 6 10 7 8 11 6 6 9 6 9 9 7 18 21 19 5 5 4 5 9 5 5 8 5 6 7 5 8 5 5 7 5 5 7 6 5 5 4 8 4 5 9 6 5 4 5 7 5 16 24 24 21 5 7 4 
RSSI:8 6 13 8 7 11 9 7 10 9 8 8 9 7 6 9 6 5 7 6 6 6 6 10 6 6 7 6 6 10 26 26 23 27 27 5 6 8 4 4 5 5 8 6 9 12 12 11 10 10 10 10 10 9 7 5 10 11 11 10 8 8 6 4 5 5 7 5 5 8 5 5 6 5 5 24 21 12 6 5 
RSSI:6 7 6 10 6 6 8 7 6 11 6 6 9 7 7 10 6 6 9 6 6 7 6 6 6 6 10 6 6 8 6 9 11 6 5 7 6 5 6 6 7 5 7 11 11 12 11 10 11 10 10 10 11 10 10 10 10 11 9 9 9 7 7 6 5 4 5 4 7 7 4 7 4 15 8 24 21 13 6 4 
RSSI:12 7 15 6 8 10 5 46 42 42 6 7 6 7 6 6 8 7 7 7 6 7 6 7 7 6 6 7 8 6 6 6 6 5 6 7 6 7 9 5 5 6 5 7 4 7 8 5 8 6 5 6 11 13 13 13 5 5 6 7 7 18 4 5 6 4 5 7 4 5 4 5 5 16 24 24 6 8 14 4 
RSSI:6 8 7 6 11 6 8 9 7 6 9 6 6 6 6 5 5 5 10 6 6 8 6 7 8 6 8 10 6 7 12 11 9 7 8 9 8 5 6 8 6 6 6 5 8 6 6 9 5 6 7 5 6 6 5 7 5 4 7 5 4 5 4 7 4 5 6 4 4 5 5 6 4 5 8 5 4 7 4 5 
RSSI:6 12 10 42 46 45 8 6 6 9 8 9 7 6 7 8 7 7 6 8 9 8 8 7 6 6 6 6 6 6 6 6 6 6 6 6 6 6 5 5 7 7 6 6 5 5 6 7 11 13 13 6 5 6 5 5 5 5 22 4 4 5 4 3 4 6 4 4 5 5 5 4 5 8 4 4 5 4 5 4 
RSSI:8 6 6 8 7 8 8 6 6 6 6 6 7 7 6 6 7 6 6 6 6 8 10 7 7 9 6 6 11 9 10 9 6 7 8 7 6 9 5 5 5 5 7 6 7 9 6 5 7 6 5 8 6 5 5 5 8 5 5 5 5 5 5 4 5 8 7 6 5 4 5 4 6 20 28 28 26 16 5 5 
RSSI:23 35 40 9 6 10 9 6 5 12 13 10 8 10 10 8 7 6 7 9 8 16 7 5 6 6 6 8 6 6 8 6 6 6 6 6 7 7 12 14 12 5 6 9 14 8 11 11 7 10 10 12 5 9 9 9 9 8 9 9 8 5 5 6 6 5 5 5 4 5 5 5 4 5 27 27 24 16 4 5 
RSSI:6 6 16 6 6 6 6 6 7 8 9 10 9 24 19 13 13 8 7 6 6 6 5 6 6 6 7 6 6 6 17 17 16 13 16 14 6 6 6 6 6 5 8 10 12 10 12 11 11 11 11 11 11 10 11 10 7 6 9 11 9 8 5 5 5 5 6 5 4 5 4 4 5 5 5 4 25 16 5 6 
RSSI:8 9 9 17 14 13 12 15 12 13 6 6 7 7 7 7 6 6 6 7 6 6 6 6 34 35 32 18 18 19 5 6 6 5 6 6 6 5 6 6 6 6 8 11 12 10 7 8 6 5 5 5 5 6 6 6 5 9 4 8 8 8 26 19 9 6 5 4 4 5 4 5 5 18 27 27 4 9 5 4 
RSSI:7 7 20 24 24 29 32 32 6 6 6 6 6 6 7 6 7 6 6 7 8 8 6 7 7 9 12 16 5 6 6 7 6 6 7 11 7 6 6 5 5 6 6 6 6 5 5 6 6 6 5 6 5 5 6 6 6 7 7 7 5 17 14 11 5 5 12 17 16 9 5 5 8 19 26 27 24 15 4 4 
RSSI:7 8 7 7 7 6 9 11 13 19 18 14 11 7 6 26 33 34 8 9 8 6 6 6 6 6 6 6 6 6 6 6 7 7 7 7 6 6 7 7 5 5 6 7 5 6 4 6 6 9 8 5 6 6 6 30 31 31 30 23 17 14 9 7 6 6 6 5 5 9 13 15 15 39 4 5 47 40 20 10 
RSSI:6 6 7 7 7 6 6 7 6 7 7 6 7 7 7 6 6 7 6 6 6 7 7 6 6 7 6 10 14 19 9 6 7 6 5 5 5 6 5 6 5 5 6 6 6 6 6 7 6 6 6 6 5 11 13 14 5 5 5 5 5 9 5 5 4 5 5 6 6 7 4 5 11 40 46 49 43 4 4 8 
RSSI:7 9 17 17 15 14 15 8 10 8 7 10 12 12 6 6 6 5 6 6 6 5 6 6 6 5 6 5 6 6 10 10 6 5 6 5 6 5 6 6 6 6 7 10 9 7 7 6 6 6 9 10 11 24 26 27 18 17 17 11 10 8 6 5 4 4 5 6 6 6 5 4 11 38 45 45 42 4 4 4 
RSSI:6 6 7 6 6 7 8 7 7 7 6 7 6 6 6 6 6 6 6 8 10 15 6 6 6 7 7 5 6 5 6 6 7 6 6 5 6 8 6 5 6 5 7 10 11 12 12 12 11 12 12 12 15 10 11 10 10 10 10 9 8 6 6 6 5 5 6 6 6 7 9 4 13 41 46 48 43 5 5 9 
RSSI:6 7 6 8 6 6 12 12 11 14 20 7 6 6 6 6 6 7 6 6 6 6 6 6 8 6 5 5 6 6 6 5 7 5 6 6 6 6 7 6 7 5 7 6 6 6 5 6 6 6 6 5 6 8 8 9 5 5 5 5 5 4 5 5 5 4 4 5 6 7 12 11 13 39 4 31 44 35 16 9 
RSSI:7 7 10 8 7 9 7 8 7 7 8 8 6 6 6 6 6 6 6 6 6 6 6 6 6 6 6 5 6 5 5 5 6 6 6 8 6 6 6 6 5 6 6 5 5 6 7 6 10 10 11 11 11 11 12 12 12 11 10 11 10 7 6 4 5 5 5 6 6 7 10 5 12 43 48 51 45 5 5 10 
RSSI:6 7 8 10 11 6 6 6 7 6 6 6 7 6 6 6 6 6 6 6 6 6 6 6 6 6 6 5 6 5 9 8 8 7 7 7 6 6 6 6 6 6 6 6 6 5 6 6 6 6 5 5 5 6 6 5 5 5 5 5 5 6 6 5 4 4 7 4 5 7 12 14 14 42 5 11 46 38 20 10 
RSSI:6 8 7 8 25 26 26 8 8 7 7 6 6 5 6 7 7 7 7 6 5 6 6 6 7 6 6 6 5 6 6 7 7 6 7 6 6 5 6 5 6 6 5 6 6 6 6 5 6 6 6 7 8 6 7 11 11 19 18 18 17 20 16 10 5 5 5 7 4 6 12 16 16 43 49 4 4 39 20 13 
RSSI:6 6 6 6 6 6 6 6 6 6 6 6 7 6 6 6 5 6 6 7 6 6 6 6 5 7 6 6 8 8 9 6 7 8 8 9 7 6 6 6 6 8 8 8 12 9 6 6 6 6 6 7 7 6 10 11 12 10 10 9 9 7 5 5 5 4 5 5 9 9 16 14 19 39 6 53 48 42 18 12 
RSSI:6 14 19 7 12 8 8 9 17 16 14 12 7 6 6 5 6 6 6 6 6 6 6 6 7 6 6 6 6 6 6 6 6 6 22 22 18 14 10 5 6 6 7 9 10 11 11 11 10 9 10 12 15 19 10 10 10 6 10 11 8 6 8 5 5 7 5 6 7 9 15 16 5 4 50 53 49 38 18 4 
RSSI:7 7 6 12 13 6 6 8 8 8 6 7 10 6 5 7 6 7 10 6 6 10 6 6 8 6 8 9 7 7 8 8 24 24 25 5 6 6 6 9 8 5 7 8 8 10 10 11 9 12 10 10 11 11 11 11 10 11 11 10 8 8 5 5 5 5 9 5 10 13 21 19 19 25 8 58 55 43 20 16 
RSSI:9 14 8 7 10 6 5 6 47 47 45 8 6 6 8 6 6 6 6 8 6 5 8 7 7 7 6 6 6 6 9 6 5 7 6 6 7 6 7 6 6 10 6 5 7 7 5 10 6 6 10 6 10 10 10 12 10 9 7 6 6 17 6 5 8 6 7 5 5 12 20 19 21 48 7 5 54 45 21 16 
RSSI:8 7 8 16 6 8 12 7 6 11 6 5 5 7 6 10 6 6 8 6 6 8 7 6 7 5 9 6 9 11 9 9 9 7 7 9 6 5 6 7 9 5 8 8 7 5 6 6 10 8 6 5 5 6 8 6 6 8 6 6 8 5 5 4 7 8 5 5 13 11 19 18 19 5 5 57 54 44 23 12 
RSSI:24 36 29 15 7 7 7 5 14 15 14 11 8 6 7 6 6 6 6 6 5 6 6 6 6 6 5 8 5 7 9 5 6 7 5 6 6 6 10 20 14 5 9 7 6 8 6 6 6 6 6 6 11 6 5 5 5 6 7 6 8 8 5 5 9 6 6 9 11 11 7 4 15 48 57 57 53 4 4 13 
RSSI:12 5 7 10 9 6 7 6 14 16 17 14 12 23 20 14 11 7 7 6 5 8 8 6 6 8 8 6 7 9 15 14 13 6 8 12 10 6 5 5 6 5 7 9 10 10 10 11 9 11 11 13 9 11 10 17 13 9 10 9 8 6 5 5 7 6 7 10 4 4 17 20 19 44 57 5 4 44 21 14 
RSSI:6 9 15 9 7 8 7 7 7 6 6 7 9 8 6 8 8 17 6 6 6 6 7 10 33 33 17 17 18 6 6 6 6 6 6 6 7 6 5 6 5 5 7 9 10 12 10 10 7 16 16 15 10 9 10 10 11 10 10 18 17 26 23 16 5 5 4 8 12 12 19 14 5 4 58 57 54 43 20 5 
RSSI:18 24 26 7 7 6 7 7 6 6 6 6 6 6 6 6 6 6 7 6 6 6 6 6 6 6 6 5 5 6 5 12 14 15 8 6 6 6 6 6 6 6 8 10 10 10 12 10 10 10 10 10 10 9 9 16 17 17 10 10 9 9 11 6 5 4 7 10 10 10 19 5 5 46 57 57 54 46 4 5 
RSSI:7 11 17 18 12 11 7 6 9 7 7 8 10 9 6 5 6 6 6 7 6 5 5 7 5 6 6 6 5 6 6 8 8 6 5 6 6 6 6 5 5 5 6 6 7 8 7 7 6 7 9 20 25 9 12 17 19 21 18 6 7 6 5 6 5 4 4 10 12 12 19 15 4 5 4 4 5 42 20 15 
RSSI:7 8 6 6 13 7 9 8 8 6 7 6 6 5 6 6 6 6 8 7 11 10 15 7 8 17 6 6 6 5 6 6 6 9 6 6 6 6 7 8 6 7 6 7 5 5 5 6 8 6 6 6 4 6 6 6 6 6 6 6 4 5 6 5 5 6 7 11 4 11 20 18 19 46 4 5 54 44 21 15 
RSSI:6 6 15 7 7 7 7 6 6 6 8 7 7 7 6 6 6 6 6 6 6 6 5 6 6 6 5 6 6 6 6 6 6 6 6 6 5 5 7 7 6 6 7 6 6 6 6 6 6 6 7 9 8 7 9 9 9 7 8 7 6 6 6 5 4 5 7 12 12 12 19 4 6 47 59 58 55 43 5 15 
RSSI:7 8 8 8 14 6 6 6 6 6 6 6 6 7 6 6 6 6 6 6 6 6 6 6 6 6 5 5 6 6 6 6 6 5 6 6 7 6 6 5 6 6 7 10 6 6 5 5 7 8 6 11 10 10 10 10 11 11 12 13 10 7 6 4 6 8 11 11 4 16 21 14 18 49 4 5 58 49 23 18 
RSSI:6 7 6 16 7 7 8 8 8 6 6 6 6 6 6 6 6 6 6 6 6 5 6 6 6 6 5 6 6 6 5 6 6 7 7 7 7 7 5 6 5 6 7 9 11 10 11 11 10 10 11 9 10 10 10 10 10 10 10 10 8 7 6 5 6 6 8 13 6 16 20 19 21 51 5 4 57 47 23 18 
RSSI:7 6 6 7 26 26 26 8 8 8 7 7 6 6 11 11 9 6 6 6 6 6 6 6 6 6 6 6 5 6 6 6 6 7 8 6 6 6 6 6 6 6 7 9 10 10 11 10 9 10 6 5 6 7 8 9 6 8 10 10 22 19 6 6 5 6 8 13 5 4 21 21 20 48 60 4 5 5 5 4 
RSSI:7 8 6 7 14 6 7 6 6 6 6 6 5 6 6 7 6 6 5 6 6 6 6 6 6 6 6 7 7 7 6 7 8 8 8 5 6 6 5 6 9 9 9 15 11 10 5 5 6 6 6 6 6 7 7 7 6 8 7 5 5 6 6 6 6 6 7 5 5 15 22 22 23 50 5 6 57 45 24 18 
RSSI:6 7 6 6 6 6 7 8 9 9 9 6 7 7 7 6 6 5 5 6 6 6 5 6 5 5 6 6 6 6 6 6 7 6 6 15 18 15 9 5 7 5 6 9 6 5 9 6 6 6 7 9 7 8 20 22 22 6 9 8 7 6 5 8 5 6 9 13 12 16 6 23 20 49 61 61 6 6 25 20 
RSSI:10 6 9 15 7 6 6 6 6 8 6 6 9 6 6 6 5 10 9 6 8 6 6 8 6 6 10 7 5 8 6 6 8 7 9 8 20 19 20 5 6 9 6 5 9 5 5 6 5 10 8 6 5 7 7 6 8 7 7 6 9 8 12 9 5 6 8 4 4 7 8 5 5 4 8 6 5 8 4 4 
RSSI:6 6 8 16 10 11 6 7 8 6 6 10 7 6 10 6 6 14 12 9 8 8 9 6 5 9 8 16 19 22 22 21 22 6 9 6 7 6 5 7 5 6 11 10 10 11 11 11 10 10 10 12 11 10 7 9 6 5 9 10 8 8 6 6 5 4 13 12 12 17 23 7 4 55 63 63 60 48 4 6 
RSSI:7 5 16 5 9 7 9 6 7 8 7 11 11 7 6 8 7 6 7 7 7 6 6 7 7 6 8 7 8 9 6 7 6 5 21 21 17 13 9 6 5 6 8 10 10 11 12 12 10 11 9 11 10 11 11 10 10 10 11 11 9 8 6 4 4 7 11 11 13 17 5 5 23 55 63 63 60 6 6 18 
RSSI:9 9 42 45 47 11 8 6 9 7 6 8 8 8 7 6 10 7 6 7 9 6 9 5 6 6 5 8 6 5 9 8 5 9 6 6 6 5 8 6 6 9 8 10 12 12 12 12 11 11 10 10 10 12 17 11 6 9 4 5 9 6 6 6 6 7 4 4 15 18 24 24 21 5 33 63 60 49 24 21 
RSSI:11 6 16 6 9 5 8 6 6 11 9 10 8 18 24 18 10 7 6 8 6 10 7 6 6 6 7 6 5 5 6 11 12 11 6 6 9 9 9 7 8 7 9 11 11 13 9 7 6 8 6 4 10 6 6 8 7 6 8 5 8 7 6 6 6 7 7 5 14 18 23 22 24 4 63 62 59 50 24 7 
RSSI:9 12 12 20 18 10 8 8 13 13 12 7 7 7 8 6 7 10 5 5 7 6 7 8 7 36 32 29 19 21 22 6 5 8 6 6 9 6 6 8 5 6 7 6 8 10 5 8 7 6 8 4 6 8 7 8 8 9 8 5 7 10 8 6 6 6 4 5 13 16 23 24 20 4 14 61 58 45 23 18 
RSSI:8 9 25 25 25 26 28 30 7 6 5 7 9 7 11 11 7 6 6 6 9 7 7 6 7 8 10 6 5 6 4 6 8 8 9 13 8 5 10 6 5 8 6 5 9 6 5 7 7 8 7 6 8 7 6 9 6 11 10 11 13 10 9 6 7 20 20 19 5 9 23 24 24 48 62 5 4 48 24 19 
RSSI:7 6 6 8 10 10 20 22 20 18 18 14 6 22 26 22 7 7 6 6 7 6 6 9 6 6 9 5 6 8 7 9 6 6 9 8 8 10 6 6 9 6 10 12 11 12 13 12 12 11 12 19 15 26 30 15 15 18 16 17 12 12 8 6 6 5 5 7 4 5 10 24 22 51 63 63 8 50 25 22 
RSSI:6 9 6 15 5 6 7 11 7 8 10 7 7 7 6 9 7 6 7 10 12 12 11 6 7 5 6 5 6 6 6 6 6 6 6 6 5 7 6 6 6 5 8 10 12 12 12 11 10 11 11 11 11 11 11 11 11 10 12 13 12 10 6 4 7 10 12 12 17 5 4 21 20 54 69 69 5 5 31 21 
RSSI:6 6 7 5 9 11 11 12 12 9 6 6 6 7 6 6 6 6 5 8 6 6 6 6 6 5 7 6 7 7 7 5 5 6 5 7 7 6 6 6 6 6 9 11 13 13 13 12 11 11 13 12 8 8 8 6 4 12 14 14 13 10 5 6 8 9 12 19 21 5 4 28 30 61 72 71 5 42 33 22 
RSSI:6 6 16 7 7 10 9 10 26 26 25 6 6 6 7 13 10 8 6 6 6 5 6 6 6 6 6 6 6 7 7 9 8 7 7 6 6 6 7 7 6 7 9 12 16 13 12 11 11 11 12 12 12 10 11 12 11 11 13 24 22 8 8 8 9 10 11 5 4 5 4 4 5 5 5 4 4 4 5 5 
RSSI:6 7 7 6 6 7 7 6 6 7 7 6 6 7 6 6 6 6 5 6 7 6 6 6 6 6 6 6 7 6 8 10 8 9 9 7 6 6 7 8 9 9 10 22 18 7 8 7 8 8 8 5 8 9 9 9 9 9 14 5 11 9 9 9 9 11 5 5 19 24 30 16 18 4 20 72 69 55 29 25 
RSSI:6 7 9 14 7 9 11 8 10 8 18 7 7 7 6 6 6 6 5 6 6 6 8 6 6 6 6 6 6 6 6 6 6 21 21 18 18 13 6 6 7 6 8 8 10 11 11 11 11 8 8 10 13 10 11 11 9 4 5 13 12 10 9 9 8 4 12 21 21 23 32 5 5 57 73 72 69 54 4 4 
RSSI:6 6 7 6 6 6 6 6 6 6 7 6 6 6 6 6 6 5 6 6 5 6 6 6 6 6 6 5 7 7 9 8 21 22 20 6 6 6 5 5 6 7 8 8 9 9 9 8 8 10 10 10 10 11 9 10 14 15 15 16 12 6 9 9 9 10 14 20 4 24 30 26 26 59 4 5 69 56 25 20 
RSSI:6 10 7 7 11 10 10 41 46 45 6 6 6 6 6 6 6 6 5 6 6 6 6 6 6 6 6 6 6 5 5 6 6 5 6 6 7 7 5 6 6 7 8 8 9 9 8 8 9 9 10 9 10 10 8 10 10 10 14 13 20 13 9 9 10 12 12 5 4 25 33 23 26 59 4 73 69 58 32 26 
RSSI:6 10 7 9 12 7 8 7 6 10 7 6 7 10 16 6 6 6 6 7 6 7 9 6 6 6 7 9 9 11 7 7 7 7 6 7 6 6 6 6 6 7 6 8 8 10 10 10 10 8 10 11 12 11 11 16 16 17 18 12 12 10 4 5 4 4 5 4 4 5 4 5 5 4 5 4 4 4 5 4 
RSSI:7 7 6 8 6 6 12 11 11 11 10 7 8 8 7 7 7 6 6 6 6 6 6 6 6 6 6 6 6 6 5 6 6 6 7 8 24 23 22 7 6 7 7 8 8 9 9 10 10 11 11 11 9 11 11 11 10 10 9 5 13 11 11 10 11 5 5 21 25 26 33 14 4 6 75 74 71 59 29 4 
RSSI:7 6 8 17 8 9 7 24 29 31 24 24 22 7 6 6 6 6 7 6 6 6 7 6 6 9 10 13 10 12 12 6 6 6 5 6 7 7 7 7 7 7 6 6 7 7 8 9 8 9 5 6 10 10 9 10 9 10 5 14 13 10 10 10 15 12 17 26 26 25 28 4 24 59 75 75 70 4 4 30 
RSSI:7 7 17 7 7 8 7 6 7 7 10 20 11 6 6 6 6 17 39 41 6 10 9 8 7 5 6 6 6 5 6 6 6 7 7 7 6 5 7 7 7 7 9 10 10 10 10 10 10 10 10 9 10 10 31 31 30 32 31 20 16 14 16 11 5 7 14 22 26 27 32 5 21 62 75 75 72 4 4 27 
RSSI:6 6 7 6 6 6 6 7 6 6 7 7 6 6 6 6 6 6 6 6 6 6 6 6 6 23 23 23 12 6 6 6 6 6 6 6 18 15 10 7 7 8 7 8 10 12 11 10 8 9 10 11 10 10 10 10 5 12 16 16 13 12 8 5 10 13 19 24 26 5 5 17 30 64 75 75 5 5 36 27 
RSSI:6 9 9 13 8 7 6 6 7 6 7 6 7 6 6 6 6 6 7 6 6 6 6 6 6 6 5 6 5 6 7 6 6 6 5 6 7 7 8 9 9 9 7 9 11 11 11 12 11 9 11 12 16 18 19 20 17 11 11 10 10 6 5 5 5 5 5 5 4 5 4 4 4 5 76 76 73 59 30 5 
RSSI:6 7 15 6 7 7 7 6 6 7 6 6 17 10 6 6 6 6 6 5 6 6 7 6 6 6 6 6 7 6 6 6 6 6 7 6 7 7 7 7 7 5 7 9 11 11 11 11 10 9 12 12 11 12 13 11 13 14 18 21 15 7 6 11 10 11 17 27 5 4 35 29 23 64 76 5 37 59 26 24 
RSSI:6 7 11 7 8 9 7 7 7 7 7 7 7 6 6 6 6 6 6 6 6 7 6 6 6 6 6 5 6 8 8 8 8 7 8 7 7 7 7 7 5 6 8 8 8 8 10 9 7 8 9 9 10 10 11 6 5 12 16 16 14 12 7 4 10 13 19 27 26 5 13 24 21 65 75 75 8 59 33 25 
RSSI:10 14 7 19 7 7 7 8 9 8 11 8 8 10 6 10 6 5 6 11 7 6 7 6 6 9 6 8 6 6 8 6 5 9 6 6 7 7 7 6 7 8 8 6 10 9 8 10 8 9 8 6 10 11 13 12 12 12 10 15 13 11 11 12 4 13 14 26 28 27 5 6 23 66 75 75 72 4 12 30 
RSSI:7 7 7 19 7 7 10 6 6 7 10 7 6 6 6 6 9 6 8 9 7 8 7 6 6 7 9 5 6 6 7 6 6 7 7 15 17 16 6 9 7 6 8 9 10 9 10 9 10 6 9 12 12 12 12 12 10 13 15 16 14 12 5 5 11 14 17 25 26 5 31 16 23 63 75 12 4 55 34 29 
RSSI:10 6 19 8 9 9 11 6 8 10 45 40 36 6 6 6 8 6 7 8 6 6 6 6 8 6 12 16 9 5 6 6 6 8 5 6 9 8 8 9 7 8 10 10 11 11 12 10 9 10 9 8 6 6 5 17 20 6 6 6 8 5 18 13 12 14 19 25 26 7 7 30 23 61 77 77 11 6 5 5 
RSSI:7 6 7 6 6 7 7 6 7 6 6 7 6 6 6 5 6 6 6 6 7 6 5 6 7 6 7 6 6 6 12 11 11 7 7 6 7 7 6 6 7 8 8 9 9 8 7 7 9 9 10 10 10 5 5 11 11 13 17 17 4 4 11 11 11 13 18 4 27 26 34 33 21 18 4 73 73 58 29 22 
RSSI:18 7 7 14 7 6 6 6 9 8 11 9 7 6 6 6 6 6 6 6 6 6 6 5 8 6 5 6 6 6 6 6 6 6 6 7 7 7 24 20 17 7 9 8 8 7 6 8 9 9 10 10 11 5 10 11 11 11 17 4 5 11 11 10 12 13 5 16 28 28 34 31 17 4 76 76 72 60 27 4 
RSSI:7 9 7 9 11 8 7 7 6 17 30 28 23 18 14 6 6 6 6 6 8 6 6 6 6 6 9 10 11 22 22 22 7 6 6 7 7 7 5 6 7 6 7 8 8 8 6 7 9 9 9 9 9 10 6 10 11 13 15 16 5 5 11 11 10 12 17 5 4 25 34 30 23 64 4 54 72 60 32 27 
RSSI:6 6 7 11 12 8 7 7 6 6 7 8 9 12 6 6 6 6 6 6 29 29 28 9 11 14 6 6 6 6 6 6 6 6 7 7 8 7 6 8 6 7 8 9 8 6 6 8 8 8 11 11 10 10 12 12 11 28 28 17 17 18 15 11 11 5 5 23 27 27 34 31 4 5 75 75 71 58 29 5 
RSSI:14 6 6 6 7 6 6 6 6 7 6 6 6 6 6 6 6 6 7 6 6 7 5 6 6 6 6 6 10 12 13 14 6 6 6 6 6 6 5 5 7 6 7 8 9 9 9 9 8 8 8 8 8 9 12 11 13 11 16 15 13 7 5 10 10 11 15 24 4 5 33 30 19 64 74 4 71 58 27 30 
RSSI:11 9 7 8 9 9 7 8 7 7 7 8 9 6 6 6 6 9 5 8 6 6 10 6 6 8 5 5 6 6 8 7 7 8 6 6 6 6 10 9 8 8 8 9 11 16 11 8 10 10 10 11 12 15 15 27 27 28 14 15 6 9 9 9 11 13 13 5 7 26 32 23 25 59 5 44 70 56 33 21 
RSSI:7 9 10 8 8 8 6 6 10 7 6 10 8 7 7 7 7 10 5 6 9 6 6 7 6 5 6 6 8 6 6 7 6 7 6 6 8 5 6 9 6 7 9 9 12 12 11 11 11 11 10 9 9 5 9 10 11 11 16 15 11 10 10 10 10 10 6 5 22 24 32 33 24 7 73 73 69 56 26 8 
RSSI:13 7 10 9 10 10 10 8 9 16 6 6 9 7 6 7 6 6 9 6 6 10 8 8 8 7 5 9 11 14 14 14 14 8 12 12 9 8 9 6 6 7 7 10 11 11 11 10 10 9 10 11 12 12 10 10 11 16 13 14 13 9 5 9 11 9 13 20 23 4 32 26 21 56 73 4 7 56 33 25 
RSSI:7 11 9 16 19 16 9 7 7 12 10 9 7 6 7 8 6 6 10 6 7 10 6 6 9 6 6 8 6 6 6 5 9 6 5 8 8 7 11 5 7 8 7 8 7 7 10 6 5 9 8 9 11 13 16 22 23 9 12 13 13 4 6 11 9 12 14 21 4 5 32 22 22 56 73 8 28 58 28 19 
RSSI:6 10 10 8 11 9 7 15 8 28 9 11 10 8 6 8 8 6 9 6 6 6 6 10 6 6 7 7 6 9 9 7 9 8 21 21 17 7 6 5 6 9 6 6 10 6 11 11 11 10 10 11 12 10 12 12 9 8 9 11 8 7 8 7 5 7 5 4 5 4 5 4 7 7 4 5 7 4 5 4 
RSSI:6 6 8 11 10 11 11 6 6 6 7 6 30 23 13 9 6 8 6 6 8 10 9 7 6 6 7 10 12 8 7 6 9 7 6 6 7 6 7 8 7 7 8 11 12 13 11 12 9 12 9 11 12 11 10 12 11 12 14 13 13 6 14 12 11 12 13 4 7 25 32 32 22 59 5 38 69 58 27 25 
RSSI:6 9 8 9 14 7 7 8 7 11 10 11 8 8 10 7 7 10 6 7 9 6 7 8 6 7 7 8 10 10 8 8 10 5 5 7 6 6 10 6 7 7 8 10 11 12 12 11 12 10 11 12 11 12 11 9 10 11 13 14 13 12 5 8 11 13 12 17 22 8 30 23 21 61 73 5 4 56 33 17 
RSSI:10 7 8 12 18 16 16 15 12 12 13 9 10 7 7 10 6 5 11 6 5 10 5 5 10 6 34 32 14 12 15 5 9 6 6 6 8 5 6 7 9 7 9 10 11 12 12 13 13 11 11 11 12 10 10 12 14 13 13 14 26 28 25 10 10 13 6 9 24 26 32 27 26 8 51 73 70 55 35 22 
RSSI:18 25 28 29 8 9 8 7 7 9 9 7 7 9 8 7 9 6 6 6 6 8 6 8 9 5 7 6 5 9 6 12 21 19 15 7 6 5 6 10 7 6 9 10 12 12 13 11 12 12 10 12 12 10 14 13 11 5 15 20 19 17 10 5 4 13 18 22 25 26 5 10 25 64 75 75 71 4 35 27 
RSSI:11 10 18 9 11 11 11 11 11 18 10 11 7 8 9 7 6 8 6 6 6 6 7 6 6 9 6 7 9 11 9 10 11 7 8 9 5 10 7 7 9 8 10 10 12 12 12 13 13 10 12 13 15 20 18 12 10 11 11 12 18 15 11 7 4 6 19 23 27 28 34 5 5 61 75 75 72 58 4 6 
RSSI:7 6 10 12 7 9 11 6 7 10 6 7 16 10 7 7 7 6 6 6 6 9 6 6 8 6 6 6 6 8 7 7 9 6 6 7 7 10 10 8 9 10 7 6 10 9 10 12 11 6 7 12 12 12 12 12 11 12 17 18 17 13 5 6 12 12 20 27 27 9 4 35 21 62 77 77 6 27 30 29 
RSSI:8 10 10 12 9 7 8 9 10 10 9 6 7 6 6 7 6 6 10 5 6 9 6 6 8 6 7 7 7 9 7 8 10 6 9 10 8 10 8 7 5 10 11 11 12 12 11 11 12 13 14 14 14 10 15 15 15 14 19 9 11 14 12 12 13 13 4 25 26 30 38 29 4 4 74 74 75 62 33 5 
RSSI:6 8 10 6 7 11 8 8 11 8 7 8 7 6 9 8 6 9 6 6 6 6 8 6 7 7 6 7 6 5 8 7 19 19 16 18 16 8 10 5 11 9 10 11 11 9 7 11 13 12 17 15 11 6 13 13 14 16 19 10 16 13 14 14 13 4 5 26 27 31 35 28 5 4 74 73 75 63 29 4 
RSSI:7 7 6 7 7 6 6 7 6 6 8 7 9 6 7 10 17 9 7 7 7 5 5 7 6 7 6 7 8 9 11 7 8 8 8 8 8 7 9 9 8 9 10 10 5 5 11 12 11 12 12 5 9 12 13 13 12 15 5 19 15 13 13 13 4 5 23 25 26 30 37 4 5 69 76 72 75 60 5 4 
RSSI:6 6 9 6 44 44 44 7 12 12 7 6 6 7 6 6 6 6 6 7 6 7 7 6 6 7 7 7 5 7 20 7 7 7 8 5 5 5 5 7 6 6 6 5 6 5 6 6 11 13 14 5 5 6 5 12 12 20 17 17 5 5 11 12 12 14 17 4 5 29 35 19 26 64 4 73 73 59 32 25 
RSSI:6 7 8 7 14 15 15 15 15 11 9 7 14 19 9 13 9 7 6 6 6 6 6 6 6 7 7 8 8 6 6 7 7 10 18 16 6 8 9 8 7 8 10 11 10 12 12 12 10 11 5 6 12 13 13 13 12 10 15 16 16 12 11 10 5 14 15 21 28 28 4 5 26 65 76 75 73 5 5 19 
RSSI:6 7 12 13 12 9 10 12 13 6 6 11 16 8 7 6 7 6 7 6 6 6 6 26 27 28 18 20 21 7 7 7 6 6 8 7 8 8 8 7 5 5 9 10 12 12 12 7 6 10 10 13 11 11 8 12 12 13 16 34 33 13 12 11 10 14 16 5 27 27 35 13 21 33 4 4 4 5 35 26 
RSSI:8 13 19 6 7 6 7 7 7 6 6 6 7 6 6 7 6 6 6 6 6 6 7 6 7 7 6 6 6 7 6 14 15 15 5 7 7 7 7 7 7 4 7 9 9 9 9 10 10 6 5 11 11 11 12 20 19 19 17 16 13 12 8 4 12 14 15 25 26 5 5 31 25 65 76 72 5 58 28 28 
RSSI:6 11 12 13 16 16 14 14 11 6 6 7 8 7 6 6 6 6 6 6 6 5 6 6 6 6 7 7 6 7 8 7 5 6 6 6 7 7 7 7 6 6 8 9 9 8 9 10 6 10 11 11 24 28 13 18 32 32 19 18 32 8 12 11 10 13 16 4 5 26 32 17 23 65 4 4 71 59 30 19 
RSSI:6 6 15 6 7 6 7 6 6 6 7 6 6 6 6 6 6 6 6 6 6 6 6 6 6 6 6 6 6 7 6 6 6 5 5 6 5 6 6 6 5 5 6 5 9 9 8 10 9 9 5 9 10 11 9 11 12 7 17 16 15 10 10 5 4 13 14 20 27 27 5 5 24 60 75 74 71 4 10 26 
RSSI:6 8 7 10 10 11 11 11 6 6 7 6 6 6 6 6 6 6 6 6 6 6 6 6 7 6 6 7 6 6 6 6 7 7 8 8 8 7 7 7 6 7 5 7 8 8 8 8 9 8 6 10 12 16 18 18 17 17 19 18 17 14 10 6 10 10 14 24 23 4 5 30 23 65 74 73 5 4 34 26 
RSSI:6 7 5 6 21 22 22 9 9 10 7 6 7 7 9 8 8 6 6 7 6 7 5 6 6 6 6 6 6 7 6 6 10 10 9 6 7 7 6 7 7 5 7 7 8 7 8 8 12 11 12 12 12 11 12 6 5 12 14 25 24 21 5 6 10 13 14 20 24 4 5 4 5 45 73 73 70 57 6 4 
RSSI:7 6 16 6 8 8 6 6 6 6 6 6 6 7 6 6 6 6 6 6 6 6 6 6 6 6 6 7 6 8 8 8 9 6 6 7 7 6 9 10 9 16 15 14 12 12 12 12 12 11 11 11 11 11 10 12 12 12 14 14 5 4 9 9 10 10 15 5 4 26 33 31 28 63 4 8 70 57 30 28 
RSSI:6 9 14 6 7 13 8 8 10 7 7 9 7 6 8 6 8 7 7 9 6 7 6 5 6 7 6 6 7 15 14 15 14 14 7 8 7 6 5 5 9 7 8 11 8 8 8 8 12 13 12 14 15 17 14 19 18 12 17 12 14 10 10 10 10 6 6 18 25 25 32 22 7 8 74 74 71 58 33 7 
RSSI:7 11 6 6 10 6 7 9 6 7 12 7 10 6 6 9 10 6 6 10 6 10 5 8 6 6 6 6 9 5 5 5 6 9 9 7 9 7 7 6 6 8 7 7 9 8 5 9 8 10 10 8 8 10 7 11 9 10 11 12 11 8 9 9 10 9 12 20 7 24 30 29 25 60 5 4 69 56 31 22 
RSSI:7 7 38 41 46 7 8 5 16 10 6 19 9 6 7 9 5 6 8 6 7 6 7 9 8 6 9 6 6 6 7 6 6 8 9 6 6 7 6 7 9 7 8 9 9 9 7 10 14 14 9 8 9 8 6 9 12 10 12 18 17 13 11 10 9 12 14 6 4 24 27 25 26 61 8 5 69 56 31 23 
RSSI:9 7 6 10 6 7 8 6 7 11 18 16 14 8 24 18 13 7 4 6 8 6 6 7 6 8 7 8 9 4 7 5 6 6 9 10 10 11 6 6 9 6 7 9 15 7 8 8 8 8 8 8 9 5 9 8 9 10 12 12 5 5 5 7 5 12 12 16 23 24 6 5 28 59 73 72 69 5 18 23 
RSSI:7 11 12 15 15 11 11 9 12 13 13 7 9 10 6 5 9 6 7 7 6 6 6 6 8 37 34 32 24 26 26 7 9 9 9 10 6 13 6 5 6 8 8 11 12 14 12 12 12 12 12 12 11 11 12 12 11 13 15 11 12 27 24 11 9 6 7 18 24 24 31 23 5 8 73 72 69 57 30 3 
RSSI:20 22 26 9 8 6 6 10 7 6 7 6 7 9 5 6 7 6 9 6 5 9 6 5 10 6 6 9 6 8 6 20 18 16 5 6 8 7 7 9 9 10 10 10 11 12 12 12 13 13 5 9 10 12 23 22 20 10 13 14 12 10 11 8 8 11 13 19 21 24 9 26 27 58 73 72 6 4 29 22 
RSSI:17 28 35 39 27 41 41 40 40 40 40 36 31 24 13 6 7 8 6 5 6 6 6 6 6 6 7 6 7 6 5 6 7 6 5 6 6 6 6 6 9 9 9 9 7 8 7 7 8 6 6 9 22 26 29 10 10 9 13 16 14 9 9 6 4 9 13 21 23 23 21 5 20 59 73 72 69 6 4 27 
RSSI:6 7 11 7 9 9 6 6 10 6 7 10 7 6 9 7 7 9 6 11 8 10 7 8 6 6 6 7 10 9 9 6 8 7 7 10 9 17 10 8 8 10 8 9 10 8 9 8 8 5 8 9 9 10 8 10 9 10 14 14 14 9 9 6 5 12 13 19 21 24 5 6 23 62 71 72 69 4 7 21 
RSSI:6 7 6 8 7 7 11 6 7 9 10 7 8 7 6 10 6 6 7 6 6 9 8 7 6 6 6 6 8 10 10 9 10 11 9 8 10 6 7 8 7 5 9 8 6 8 7 10 8 6 9 7 7 8 8 11 10 12 15 5 11 12 9 9 11 10 5 5 21 24 28 29 24 7 32 72 69 53 26 23 
RSSI:6 10 11 16 17 10 10 9 8 10 9 6 9 8 8 7 9 5 6 7 5 6 5 6 8 6 6 8 8 9 10 8 6 7 6 8 5 7 8 7 7 7 7 9 6 7 10 8 8 12 9 6 6 10 9 11 13 13 25 25 12 11 9 8 9 9 6 19 19 22 32 31 5 5 73 72 69 55 28 5 
RSSI:9 11 14 8 8 10 6 7 6 6 10 6 7 8 6 6 9 6 7 5 6 6 6 6 8 6 6 9 7 6 7 6 8 7 7 9 8 12 11 21 20 6 10 11 11 12 11 13 10 11 11 12 12 11 11 11 12 10 15 13 12 11 9 6 7 9 13 19 23 23 4 8 22 60 73 72 69 9 7 9 
RSSI:12 10 19 12 8 8 8 6 8 8 7 6 8 25 15 7 6 6 6 7 6 6 6 5 6 7 10 14 20 21 6 6 6 6 6 7 6 5 6 7 7 6 7 6 5 7 7 7 7 7 8 7 7 11 9 9 10 16 11 8 11 8 9 8 7 9 5 5 17 21 30 27 22 5 4 70 67 54 30 25 
RSSI:6 6 6 6 7 6 7 7 6 7 6 7 6 6 6 6 6 6 6 6 6 6 6 6 12 16 9 6 7 18 22 7 27 28 7 8 7 8 7 7 6 7 8 8 7 6 9 8 10 10 15 17 16 10 15 11 11 8 11 5 10 8 8 8 8 11 4 4 18 23 26 24 20 4 67 71 67 55 26 13 
RSSI:16 23 34 38 9 9 7 6 6 6 6 8 7 7 6 6 6 7 7 7 7 7 7 7 6 7 6 6 6 6 6 6 6 6 11 9 8 7 6 7 6 6 7 6 6 7 8 10 12 12 8 8 11 15 8 12 8 17 16 8 10 9 8 9 8 9 4 15 20 22 29 27 3 4 71 71 67 55 25 5 
RSSI:7 6 9 7 6 6 6 6 7 7 9 10 10 10 6 12 9 6 7 6 7 5 6 6 6 7 7 7 8 6 6 6 6 15 15 13 11 10 8 7 6 6 7 6 6 7 7 7 8 7 7 7 6 8 8 8 7 8 11 5 5 8 8 8 8 8 11 6 4 22 30 26 22 59 4 5 65 55 27 26 
RSSI:6 7 7 8 15 16 16 15 15 16 17 15 11 7 6 6 6 6 5 6 6 5 6 6 6 6 7 29 27 23 24 24 24 6 7 5 6 6 6 6 6 6 7 7 6 6 8 11 11 11 11 11 12 14 8 9 9 12 12 13 14 11 8 7 8 5 5 13 18 21 26 23 5 5 4 4 4 4 5 5 
RSSI:6 10 11 27 28 28 21 24 8 12 12 10 9 6 6 6 6 6 7 6 6 6 6 6 6 9 11 14 7 5 5 6 5 6 6 12 8 6 6 6 6 5 8 10 11 11 11 10 6 11 11 10 10 10 10 10 10 11 16 14 13 9 5 11 13 15 11 15 15 5 26 24 21 55 69 4 4 50 27 24 
RSSI:6 10 9 12 15 14 10 10 10 9 12 10 11 8 9 11 6 6 9 6 7 7 5 7 6 5 9 7 5 8 5 5 9 9 11 8 6 6 5 5 9 6 7 11 13 12 11 12 11 10 11 12 17 11 12 12 12 14 25 10 11 10 10 7 7 6 5 17 17 19 26 25 4 4 68 69 63 52 26 4 
RSSI:6 6 9 9 7 8 7 10 8 9 9 10 7 8 5 10 10 16 10 12 8 8 6 6 9 7 7 6 5 9 6 6 6 6 8 6 6 9 5 9 7 7 7 6 7 6 7 7 8 7 8 7 5 8 7 10 10 9 10 10 11 10 8 8 8 9 5 6 15 21 28 28 25 4 5 69 64 53 28 21 
RSSI:7 11 7 19 8 7 7 10 12 12 11 9 9 6 7 6 6 9 7 5 6 6 8 6 6 7 6 6 6 7 7 6 6 9 6 6 8 6 7 6 6 8 7 7 9 6 8 8 6 7 10 8 9 9 9 11 9 8 11 11 10 8 9 5 7 12 11 14 19 22 5 23 21 58 71 70 8 7 29 21 
RSSI:10 6 6 11 6 10 6 21 21 21 8 8 8 8 7 8 10 6 6 9 6 8 9 5 6 6 7 8 6 6 9 5 6 7 7 6 6 6 8 6 6 5 8 8 7 7 9 7 8 9 9 8 9 9 10 9 6 7 11 12 10 10 10 10 5 9 12 19 19 22 5 7 22 58 71 70 67 8 10 23 
RSSI:11 9 6 10 10 7 7 8 7 8 6 6 7 6 7 9 6 6 6 5 9 6 8 8 6 6 6 7 9 6 9 11 7 6 9 9 8 9 5 8 7 6 10 11 12 12 12 11 10 10 11 11 12 11 10 11 9 6 7 13 10 9 10 9 5 4 12 13 15 20 24 5 4 55 67 68 63 50 7 11 
RSSI:6 10 8 9 6 7 11 9 9 11 10 11 8 8 6 5 8 6 6 5 6 7 5 6 9 7 8 7 5 6 5 6 10 20 21 20 17 14 6 9 10 6 7 11 18 11 11 12 10 10 11 13 12 11 11 5 7 8 11 12 11 8 5 7 7 6 12 16 17 4 5 27 20 55 66 68 4 30 30 24 
RSSI:6 7 7 6 6 6 7 5 6 6 6 6 6 6 7 9 6 6 6 5 6 6 7 6 7 7 8 6 6 6 11 17 20 6 6 6 7 6 6 6 6 5 6 7 6 7 7 8 8 5 6 7 7 8 9 9 9 5 5 10 9 7 7 8 7 5 11 15 16 20 25 5 4 57 66 68 62 51 5 5 
RSSI:6 10 7 7 7 6 9 9 6 35 44 40 9 6 6 6 7 6 6 6 6 6 6 5 7 6 9 6 6 6 6 6 5 6 6 7 6 7 7 7 6 6 7 7 6 7 6 7 6 7 7 7 7 8 17 16 14 9 10 10 9 7 5 15 9 7 12 15 14 5 27 25 24 57 65 4 4 50 25 19 
RSSI:6 6 7 11 7 6 7 7 7 7 6 7 6 7 6 6 6 6 6 6 6 6 6 6 6 6 5 6 5 6 6 9 9 9 9 11 10 8 7 6 10 16 6 6 6 6 6 8 7 7 7 7 5 5 8 8 7 8 10 10 5 7 7 7 8 7 12 4 4 20 24 27 29 52 5 4 63 51 29 22 
RSSI:6 34 38 42 6 7 7 6 7 7 7 7 7 6 6 6 6 7 6 6 7 6 6 6 6 6 6 6 6 6 5 6 6 6 6 6 6 5 6 6 6 6 6 6 6 5 11 13 14 6 6 8 7 7 8 14 8 5 10 10 9 8 7 7 5 5 11 13 16 21 26 5 17 58 69 69 63 45 4 21 
RSSI:6 7 7 18 6 6 6 6 6 6 8 9 10 9 6 16 10 6 6 6 6 5 6 6 6 6 7 7 7 6 6 6 6 9 10 8 6 6 7 7 6 5 6 7 13 12 12 12 11 10 11 12 12 11 11 11 10 11 12 12 11 9 5 5 8 8 12 17 18 4 5 27 28 56 70 69 5 5 34 21 
RSSI:7 7 9 16 10 7 6 6 8 8 8 6 6 6 6 6 6 6 6 6 6 6 6 6 6 6 26 24 20 24 23 6 6 6 7 6 6 6 7 6 7 6 8 10 11 13 12 11 11 11 12 11 11 11 10 11 12 11 12 11 9 22 18 12 9 10 13 9 5 23 26 25 20 56 5 4 4 10 5 19 
RSSI:21 24 26 13 16 6 7 9 6 7 10 6 6 10 6 6 9 7 6 9 6 5 6 6 6 8 6 9 6 6 7 6 16 15 13 7 9 6 7 10 6 6 7 6 6 9 6 7 8 7 8 7 8 9 6 8 8 9 14 14 10 4 7 13 14 14 11 6 4 22 27 26 20 58 8 26 63 53 30 22 
RSSI:7 9 7 8 18 19 16 18 18 8 7 11 11 10 8 10 5 7 7 6 6 9 6 7 6 6 9 6 6 8 6 7 9 9 11 9 6 6 7 6 6 7 8 8 8 7 9 7 7 9 9 11 16 20 19 20 20 17 18 7 10 9 8 9 7 9 7 5 15 20 26 27 20 6 4 69 63 50 25 20 
RSSI:10 8 8 13 10 9 7 10 7 9 10 6 6 10 6 6 7 6 6 14 15 19 6 9 6 5 6 6 6 5 7 7 5 9 9 4 6 6 6 6 5 6 9 6 6 8 7 5 9 7 7 7 7 7 7 5 6 6 9 8 7 9 6 4 8 7 13 13 13 18 4 12 24 51 63 63 24 4 28 17 
RSSI:6 8 7 7 7 6 6 10 5 8 9 7 7 8 7 6 6 7 6 6 6 8 6 6 7 6 6 9 6 7 5 7 10 5 5 9 6 8 11 9 6 10 7 7 7 7 7 9 7 6 8 8 9 8 8 11 9 18 17 18 10 9 7 9 8 8 16 11 14 19 24 5 7 52 63 63 60 49 4 21 
RSSI:7 6 15 7 7 10 8 7 6 6 6 18 14 9 6 6 6 5 5 5 9 9 6 7 6 6 6 6 9 6 6 8 5 6 5 6 10 9 7 8 9 8 17 10 11 12 12 13 10 12 11 11 13 12 12 8 8 9 11 12 12 8 7 7 7 7 12 12 14 18 4 4 6 5 21 63 60 48 24 18 
RSSI:7 6 17 14 14 14 11 32 6 6 7 6 7 10 6 6 8 6 6 9 6 8 6 6 7 5 7 9 7 7 8 7 7 7 6 10 7 7 8 6 6 9 10 10 11 14 12 11 6 11 12 11 11 11 11 11 11 10 12 18 17 14 11 8 4 6 11 12 14 17 8 4 21 53 63 63 60 4 6 20 
RSSI:9 6 7 7 8 10 10 10 10 9 9 8 7 6 7 9 6 6 7 5 9 6 7 8 6 6 7 6 6 5 5 8 6 6 16 14 12 9 8 7 5 6 6 9 6 6 7 10 7 10 5 7 18 21 24 7 9 5 8 9 8 7 9 8 8 4 11 13 13 17 25 4 4 52 63 63 60 47 5 9 
RSSI:8 11 7 6 9 9 7 10 6 6 10 6 6 9 7 7 9 6 6 8 6 9 6 6 10 7 7 8 6 7 11 7 16 22 23 22 6 5 5 6 5 5 7 6 6 6 6 6 5 5 5 5 5 5 7 7 8 8 7 6 5 5 5 5 5 5 5 4 5 5 4 4 4 4 5 4 5 4 4 4 
RSSI:6 6 6 5 8 10 8 9 9 10 6 8 7 6 6 9 7 7 7 6 6 6 6 6 6 6 5 11 18 20 20 20 6 6 6 6 7 6 6 6 5 6 6 5 7 6 5 5 6 7 6 8 10 8 7 6 6 5 5 6 5 5 5 5 4 5 4 5 4 4 5 4 4 5 4 5 4 5 4 5 
RSSI:8 7 11 6 6 6 6 6 6 6 6 6 6 6 6 6 5 6 6 6 6 6 6 6 5 6 6 6 6 6 7 10 12 15 6 6 6 6 5 6 6 6 7 6 12 12 12 12 11 11 11 11 7 6 7 6 4 5 5 4 5 5 5 4 5 5 4 4 5 5 4 5 5 4 5 5 5 5 5 5 
RSSI:7 6 8 8 9 9 7 6 9 6 7 41 38 30 6 6 6 6 6 6 6 6 6 5 6 6 10 14 5 6 6 6 6 6 5 6 6 7 8 7 7 6 8 8 11 12 11 11 10 10 11 11 11 11 11 11 10 5 8 6 5 5 20 7 4 5 4 5 6 5 4 4 4 4 4 5 4 4 5 4 
RSSI:7 6 6 6 7 6 6 8 7 7 7 6 6 6 6 6 6 6 6 6 6 6 6 6 6 6 6 6 5 5 6 6 5 8 9 7 7 6 7 5 5 6 6 6 6 6 6 7 7 9 7 8 5 7 9 7 7 7 9 7 5 7 10 6 6 8 12 5 14 18 24 19 26 7 7 63 60 47 27 16 
RSSI:11 7 9 11 46 46 44 7 6 6 11 6 7 10 6 6 8 9 6 10 7 6 9 6 7 9 6 6 7 5 9 6 5 11 6 5 10 6 6 8 6 5 10 9 10 11 13 14 16 15 15 8 7 7 7 10 6 6 7 5 7 8 9 8 6 7 6 7 15 17 25 23 23 5 43 62 59 48 24 16 
RSSI:6 7 11 5 6 12 5 6 10 10 18 16 14 10 13 12 9 10 6 5 10 6 5 10 6 6 10 6 6 7 5 6 12 13 14 7 7 6 7 6 9 11 9 7 6 7 5 6 6 6 5 6 6 10 9 6 9 7 5 7 8 8 8 10 10 5 5 13 13 16 22 19 4 50 61 61 58 47 9 4 
RSSI:7 8 12 14 16 7 9 7 8 13 13 11 6 6 6 11 6 6 8 5 7 9 5 6 7 6 32 31 26 26 26 7 8 6 8 6 6 10 6 5 9 6 7 6 5 7 6 9 12 9 8 13 10 10 9 12 9 10 10 13 11 9 10 10 11 9 13 9 6 4 5 7 23 48 60 60 57 8 21 20 
RSSI:10 21 24 26 24 23 8 10 8 6 6 10 5 6 9 6 6 8 6 6 6 10 6 6 5 8 6 6 9 5 6 6 6 6 13 10 7 8 5 5 4 5 10 10 12 10 6 8 12 16 16 13 13 12 8 7 13 14 13 12 11 9 10 11 13 14 9 7 4 14 19 15 19 46 5 5 55 45 21 15 
RSSI:8 7 7 19 15 14 16 16 9 6 7 8 9 11 9 9 8 6 6 10 6 4 10 6 6 10 8 7 10 9 6 5 21 21 21 20 15 7 5 8 5 6 9 11 9 10 7 7 12 12 11 14 19 16 17 17 12 14 17 15 10 10 11 7 8 11 8 5 6 13 21 19 21 51 4 59 55 43 23 16 
RSSI:6 7 7 6 10 7 6 8 6 7 10 6 6 10 7 6 6 6 7 8 5 6 6 6 7 5 9 10 6 7 9 5 5 6 6 8 6 7 9 7 7 6 7 7 11 13 9 8 5 6 7 12 12 9 9 9 8 11 11 9 8 9 10 5 7 10 6 13 12 15 20 21 10 4 59 59 56 44 22 5 
RSSI:9 8 12 10 8 10 10 11 10 10 9 10 7 6 9 6 9 8 6 7 7 7 7 6 6 6 6 6 6 5 6 6 10 12 10 8 7 8 6 7 7 5 6 5 6 8 6 6 10 6 7 12 12 8 7 10 10 11 11 9 6 6 8 6 7 7 11 12 8 9 22 20 18 51 61 6 57 47 23 16 
RSSI:7 6 9 15 19 21 10 11 7 9 7 10 9 10 10 10 7 6 7 9 6 6 8 6 6 6 5 7 10 6 6 5 6 8 8 6 9 6 6 6 5 9 7 5 8 6 8 10 8 15 16 7 12 11 9 12 13 19 25 24 5 8 8 7 6 8 8 6 5 16 22 20 20 54 4 15 59 46 28 21 
RSSI:6 8 7 6 9 10 7 8 6 6 9 6 6 8 5 6 6 6 7 5 6 10 6 6 9 6 7 6 7 8 6 5 9 7 6 8 8 10 10 22 20 18 8 6 7 9 5 9 12 10 15 13 10 10 9 8 11 11 10 10 10 7 8 10 7 8 12 6 12 16 23 20 17 5 8 62 59 45 24 19 
RSSI:6 12 6 6 11 8 9 12 8 18 10 13 7 6 12 7 8 9 6 6 10 6 6 9 6 7 10 15 18 20 20 6 7 6 5 6 10 5 6 8 9 7 10 10 12 14 13 13 12 16 15 12 13 12 11 12 13 12 10 11 11 8 7 14 13 5 8 12 13 16 23 24 5 51 63 63 60 48 4 4 
RSSI:7 6 6 6 6 5 7 10 8 7 9 6 6 7 6 6 5 6 9 6 7 8 6 5 5 6 8 5 6 8 5 9 8 8 9 9 7 9 5 5 8 6 8 10 12 13 14 14 11 11 12 13 11 11 11 11 11 10 10 10 11 9 8 7 6 5 13 11 15 20 24 6 5 57 63 63 61 49 8 5 
RSSI:20 31 6 6 7 7 7 6 9 14 10 9 9 8 7 8 7 6 10 6 7 9 7 6 8 7 6 5 5 9 6 6 9 6 6 10 6 6 24 20 16 9 7 6 7 7 6 10 6 7 7 10 9 7 6 7 9 8 11 10 8 6 6 6 7 10 11 12 5 9 24 25 20 53 63 4 61 49 24 23 
RSSI:10 8 6 6 6 6 12 10 8 9 8 28 29 26 23 18 11 6 6 6 7 6 6 10 8 6 7 6 10 12 13 6 5 9 5 5 7 6 7 6 7 8 9 8 9 5 6 7 8 8 8 7 8 6 6 8 6 8 9 9 11 5 5 9 6 6 12 13 8 8 24 24 22 55 63 3 3 47 25 21 
RSSI:10 11 11 10 9 8 13 12 12 6 6 10 6 6 7 6 10 7 6 7 10 5 6 31 31 17 18 18 9 5 7 7 6 6 16 14 11 6 6 6 8 7 7 8 7 4 8 10 7 8 8 6 6 6 9 8 8 10 9 10 28 24 22 15 8 8 12 12 17 6 5 22 24 55 64 67 8 4 25 20 
RSSI:21 21 24 24 7 6 11 5 6 11 8 8 6 6 6 10 6 6 7 7 5 9 6 6 7 6 5 5 5 9 7 19 19 18 7 5 7 6 8 7 5 6 6 6 9 5 7 8 6 6 7 7 9 7 7 8 13 19 19 17 11 10 9 11 6 7 11 13 14 5 14 24 18 56 64 67 4 48 24 18 
RSSI:7 11 11 17 15 15 18 18 19 7 7 7 8 7 6 10 6 5 6 6 6 9 5 7 10 10 9 7 6 6 9 10 12 6 6 6 7 5 6 8 6 8 8 6 7 6 7 7 8 7 8 14 20 17 20 19 18 17 17 19 17 11 9 6 7 10 11 5 13 18 26 25 24 48 6 64 61 46 24 23 
RSSI:6 6 6 8 39 11 42 40 36 39 38 37 38 18 36 33 30 20 5 6 9 6 6 7 7 7 6 7 7 6 6 8 7 9 6 6 7 6 8 9 5 5 7 6 6 6 6 10 6 7 10 7 7 9 6 5 9 8 10 11 9 6 9 6 6 7 12 14 15 5 11 22 20 56 64 63 5 47 24 21 
RSSI:38 39 39 38 39 29 36 37 37 37 28 37 38 37 6 34 29 21 4 7 10 6 6 9 6 6 10 6 5 9 5 11 12 5 7 9 6 5 10 6 6 7 6 7 8 4 5 6 7 10 8 7 5 7 7 8 7 9 10 6 22 21 21 7 11 9 10 5 14 18 26 25 21 8 7 67 61 50 29 21 
RSSI:38 10 13 18 22 40 40 40 40 39 38 34 38 37 36 18 30 22 6 7 6 10 7 7 10 5 6 8 8 7 9 6 5 6 6 8 15 11 7 7 6 6 6 6 7 7 8 8 6 6 6 7 8 9 10 21 21 23 9 8 4 6 10 6 7 10 11 4 8 19 24 22 25 49 5 63 61 50 27 20 
RSSI:8 33 39 38 39 34 24 18 6 22 25 35 36 37 35 33 25 21 5 7 7 6 6 7 7 10 11 6 6 7 7 7 6 24 25 25 6 6 6 5 6 5 6 5 7 6 6 7 7 7 6 6 6 7 8 8 9 9 7 6 8 6 7 7 6 7 4 4 13 18 24 24 20 5 63 63 61 50 24 3 
RSSI:14 36 35 35 36 18 39 40 40 32 34 35 19 25 15 11 28 19 7 6 6 9 6 9 6 8 8 5 6 12 5 5 8 6 6 9 5 6 6 6 9 5 8 8 13 13 13 14 6 11 13 18 11 11 11 11 11 11 12 10 19 4 5 4 6 5 12 13 14 18 25 15 5 54 64 64 61 48 4 5 
RSSI:17 39 41 38 36 36 37 36 11 39 38 38 36 34 9 8 30 21 4 7 6 5 6 6 6 7 7 8 8 10 9 9 6 6 6 6 10 8 6 6 5 6 7 10 12 8 12 11 11 12 12 12 11 11 11 11 11 11 11 12 10 7 7 6 6 7 12 13 4 18 24 23 22 53 4 4 61 49 25 19 
RSSI:13 24 7 17 35 26 21 24 12 22 15 13 18 38 13 6 13 6 5 6 5 7 6 6 6 35 33 31 24 24 17 6 6 15 15 14 6 7 7 8 6 6 8 9 16 17 11 13 13 12 8 5 6 6 7 7 8 7 9 10 7 23 20 12 8 7 12 4 6 20 26 23 22 53 4 19 61 47 28 22 
RSSI:7 21 23 26 28 26 40 40 40 40 39 38 20 16 14 6 12 10 6 7 7 6 7 7 6 6 6 7 6 6 20 17 16 5 6 6 6 5 6 6 7 6 6 7 7 6 5 6 7 6 7 7 7 8 5 6 17 14 14 9 8 6 8 10 6 7 12 11 5 5 23 19 18 55 63 5 5 49 27 21 
RSSI:33 22 20 38 39 40 18 19 9 8 7 8 39 38 36 11 5 22 5 7 7 8 8 7 6 7 6 6 6 6 11 9 9 6 6 5 6 7 5 6 6 6 6 7 9 8 7 7 7 7 8 13 18 15 19 15 11 26 16 16 12 7 7 6 6 7 12 4 4 18 24 24 20 54 5 45 60 49 28 20 
RSSI:38 33 39 38 39 40 12 37 40 40 38 38 16 38 37 34 30 22 6 6 6 6 6 6 6 6 6 7 7 6 5 6 6 6 6 6 6 6 5 6 5 5 6 6 7 6 6 5 7 7 6 6 7 7 5 5 6 8 10 10 10 6 5 6 6 7 12 13 14 4 23 20 20 54 63 4 4 48 27 17 
RSSI:6 7 16 9 15 6 6 3 1 -6 38 38 38 -9 5 -2 6 5 8 7 6 6 6 6 6 6 7 6 6 6 8 8 8 6 10 10 7 6 6 6 6 6 8 10 12 13 12 6 8 7 7 7 12 16 19 18 6 12 12 12 10 7 7 6 6 6 11 13 4 18 25 24 26 53 5 5 61 50 30 23 
RSSI:15 6 22 16 21 22 22 20 18 7 19 6 13 17 17 18 12 7 6 6 6 6 5 6 6 6 6 7 7 9 9 8 8 6 5 5 6 6 7 6 5 6 7 7 7 6 7 8 7 8 7 6 7 10 13 13 6 6 24 25 24 4 5 5 7 8 12 12 14 4 5 20 22 55 63 67 4 5 28 17 
RSSI:16 11 15 21 18 9 40 21 17 20 38 12 38 19 6 21 9 9 6 6 6 6 5 6 7 6 6 6 5 8 9 8 8 5 7 7 8 9 18 18 16 6 6 7 6 6 5 7 6 7 7 7 6 6 5 5 6 7 10 9 8 6 5 7 7 6 12 13 14 5 4 25 20 51 64 67 4 14 26 21 
RSSI:9 9 28 6 6 8 37 27 40 39 13 7 24 13 7 10 10 9 8 7 6 7 6 6 6 6 6 11 14 15 15 16 8 6 6 6 6 5 6 6 6 7 7 7 7 6 5 6 6 7 6 6 6 6 5 6 6 7 8 10 7 7 5 6 7 7 12 12 14 5 8 25 26 53 63 64 5 48 25 18 
RSSI:38 13 17 23 19 6 24 18 7 21 25 20 7 14 25 15 6 9 6 6 6 6 6 6 6 6 6 6 6 6 7 6 6 6 6 6 6 6 6 6 7 7 7 6 7 5 6 7 8 7 7 8 6 7 8 7 6 5 5 8 8 6 6 7 6 4 5 13 14 19 25 22 4 5 67 67 61 49 26 5 
RSSI:14 20 11 14 23 40 40 24 6 12 23 6 14 8 6 18 17 8 6 7 7 7 8 7 6 9 6 5 9 6 5 5 6 11 5 6 6 5 7 9 6 7 7 7 7 7 7 12 18 20 19 9 7 6 8 6 9 16 6 8 10 7 9 8 6 4 12 14 15 19 25 4 4 51 64 64 61 51 9 5 
RSSI:16 19 24 21 19 11 6 23 22 24 20 18 20 21 16 6 7 11 6 7 9 7 7 5 6 6 7 8 10 7 5 8 6 17 17 15 5 9 6 6 5 5 7 11 12 12 13 12 12 12 12 12 11 12 11 12 12 17 11 11 12 11 12 4 7 9 12 14 14 19 4 25 22 53 64 67 8 4 28 23 
RSSI:8 8 12 17 15 9 20 9 8 6 6 6 10 6 6 7 7 5 9 6 6 6 6 36 36 35 20 22 22 7 6 12 16 17 6 6 7 5 9 6 6 7 8 11 13 13 13 12 12 11 12 12 11 12 13 12 11 12 32 32 31 27 18 17 8 7 7 11 15 19 24 23 17 5 64 64 61 50 23 5 
RSSI:20 10 7 12 19 12 11 19 6 19 20 21 6 16 17 6 12 6 6 8 6 6 9 5 6 8 15 11 12 17 6 6 8 6 6 6 6 8 5 6 8 6 6 8 13 6 11 7 7 8 5 12 16 18 10 7 9 8 9 10 10 7 9 7 12 10 5 4 14 18 24 24 26 5 5 67 62 49 30 20 
RSSI:6 8 11 7 11 8 8 9 11 6 7 6 7 6 7 7 6 7 7 6 7 5 6 9 6 6 8 6 6 6 6 7 5 6 9 5 10 8 6 7 9 6 6 6 6 7 6 7 9 6 9 19 24 22 9 10 12 14 14 14 11 8 8 6 7 9 11 5 6 20 25 23 21 55 5 37 62 51 26 24 
RSSI:9 11 7 10 6 6 9 5 7 8 7 6 10 6 7 8 7 7 6 5 8 6 5 7 6 6 8 7 9 6 5 7 8 5 6 6 7 6 9 8 7 6 9 5 8 6 6 6 6 6 8 6 6 7 7 6 6 7 12 11 12 9 8 6 6 8 12 13 16 5 5 25 25 57 64 67 9 9 30 22 
RSSI:6 6 17 6 7 10 7 7 13 7 5 10 6 6 8 6 6 9 9 8 7 6 7 6 6 6 6 6 6 6 5 6 6 7 7 20 14 7 7 6 6 5 7 6 13 14 12 12 11 5 6 4 5 5 6 11 11 11 5 10 9 8 5 5 5 5 4 4 4 5 4 4 5 4 5 4 4 4 4 4 
RSSI:8 11 7 12 15 17 17 23 23 24 9 8 8 7 7 6 6 6 6 6 10 6 6 7 6 8 6 6 6 5 6 8 8 7 8 12 10 11 10 15 6 6 6 7 12 13 13 12 12 11 11 12 11 11 6 7 8 8 9 12 12 20 15 10 6 7 12 12 14 4 24 22 25 55 63 5 4 48 30 22 
RSSI:7 8 11 19 7 17 18 10 9 6 10 14 10 7 6 7 6 6 6 6 6 6 6 6 6 6 6 8 8 7 7 6 7 6 5 6 6 7 8 8 8 8 14 14 12 12 12 12 11 11 7 6 6 5 6 7 6 7 8 8 7 5 5 6 6 6 11 12 13 5 24 24 24 52 63 4 5 47 26 23 
RSSI:7 6 7 7 8 6 10 7 8 8 7 7 7 6 6 6 6 6 6 7 6 6 6 6 6 6 6 6 6 6 6 6 20 20 20 20 16 7 6 6 6 6 6 5 6 5 7 6 7 7 7 9 13 6 6 6 6 6 5 5 8 6 6 6 6 7 4 4 13 17 23 24 22 5 4 63 60 49 27 20 
RSSI:6 7 9 6 7 6 7 6 6 5 7 6 6 6 6 5 6 6 6 6 6 6 6 6 6 5 6 6 6 7 7 7 7 13 15 17 6 6 5 6 6 6 6 6 5 6 5 6 6 6 6 6 6 6 6 9 9 9 9 8 8 5 4 6 6 5 11 13 13 5 24 24 23 52 63 4 4 47 24 22 
RSSI:6 6 9 11 10 13 6 9 9 8 9 17 32 25 16 6 6 6 8 6 6 5 6 6 6 6 8 11 12 6 6 6 7 6 22 23 23 22 6 20 19 17 15 10 8 6 5 7 6 6 8 6 6 5 16 15 12 7 8 8 5 4 6 14 6 8 10 12 5 4 4 5 5 5 4 4 4 4 4 5 
RSSI:6 7 7 6 7 6 7 7 7 7 7 6 7 6 6 6 6 6 6 6 6 6 6 6 6 6 6 5 6 5 6 5 6 6 7 6 6 8 6 6 6 6 8 11 12 12 12 12 11 12 12 11 5 7 9 12 11 11 10 11 10 8 6 6 6 5 6 13 12 16 22 16 4 46 61 61 58 46 4 4 
RSSI:7 32 36 40 6 6 6 6 6 6 7 6 7 7 6 6 6 7 7 7 7 6 7 7 6 6 6 6 6 6 6 5 6 6 6 6 6 6 6 6 6 6 9 10 13 12 6 15 17 19 12 11 11 11 12 11 11 10 10 11 8 6 6 6 5 4 10 12 11 16 22 4 4 51 61 61 58 45 5 5 
RSSI:7 8 7 8 6 6 6 6 6 7 9 9 10 8 24 20 13 8 6 6 6 6 6 6 5 6 6 6 6 7 6 6 18 18 17 7 6 6 6 6 6 6 8 5 7 6 9 6 6 8 6 6 6 7 7 6 7 11 8 7 7 6 4 7 6 6 10 11 12 5 21 23 21 53 62 4 4 46 27 18 
RSSI:8 8 11 16 17 18 9 9 9 7 11 8 7 9 6 7 9 6 6 7 6 8 6 7 9 5 5 26 24 22 20 22 7 5 9 6 7 6 7 6 6 6 8 6 6 9 5 7 7 6 7 5 6 10 6 5 9 10 10 11 9 6 5 6 5 7 11 13 12 4 5 24 24 53 61 61 4 24 27 20 
RSSI:9 10 17 24 26 25 32 32 26 8 6 7 8 6 5 5 6 9 6 6 9 6 6 6 5 9 7 7 5 6 5 6 4 7 6 6 9 6 6 8 6 6 5 6 8 5 9 7 5 6 7 6 9 7 7 10 4 6 10 8 6 7 17 13 11 8 11 14 15 17 5 4 6 8 6 7 4 4 9 5 
RSSI:7 9 12 12 7 8 8 8 9 8 12 15 11 7 6 9 9 16 28 33 9 8 10 6 7 8 6 6 6 10 14 19 23 20 22 20 18 6 8 10 5 8 9 5 5 8 6 6 5 5 7 5 6 10 32 31 18 19 18 11 12 10 24 18 11 5 10 13 4 13 22 20 23 49 5 3 55 44 22 17 
RSSI:6 7 5 6 6 7 8 6 6 8 6 6 8 5 8 6 6 7 8 6 9 6 5 5 4 13 15 19 6 11 6 7 5 9 7 14 6 5 6 7 6 6 7 10 13 13 12 12 11 13 16 18 12 10 11 12 11 11 11 10 10 7 9 8 8 7 5 5 14 14 21 21 20 4 50 59 57 44 25 13 
RSSI:7 6 9 7 8 10 8 6 10 9 9 11 8 6 6 6 6 9 6 6 7 6 6 6 6 6 6 6 8 7 6 6 5 5 5 5 8 8 10 10 5 6 9 11 12 5 8 6 8 11 14 11 12 13 12 13 11 9 5 7 7 5 8 6 5 6 5 5 13 12 19 21 20 6 4 59 56 44 23 19 
RSSI:6 10 6 7 13 7 5 5 8 6 10 20 17 10 6 6 5 6 7 6 9 10 8 6 6 6 6 6 6 6 6 7 5 5 7 9 5 8 6 5 6 10 6 6 6 6 10 7 6 8 7 6 8 8 10 10 10 11 10 9 8 8 9 5 5 7 9 12 13 12 4 22 20 49 59 59 9 4 24 17 
RSSI:6 6 8 18 9 10 7 8 8 6 7 6 6 7 6 6 10 6 9 9 6 6 8 6 6 6 6 5 4 7 12 10 7 6 11 7 6 8 6 7 6 6 8 7 8 7 8 8 8 5 7 6 6 8 6 19 19 18 17 18 8 13 10 8 7 6 8 11 14 13 4 7 20 48 59 59 56 6 3 14 
RSSI:6 6 14 18 22 9 7 10 6 6 9 11 8 9 9 5 9 6 6 9 5 5 6 6 6 6 6 8 6 8 10 8 7 8 5 6 9 6 7 7 7 7 5 5 6 5 7 6 6 8 5 5 8 6 6 5 7 9 24 23 22 5 5 5 11 13 15 5 6 10 18 15 16 45 4 4 51 44 21 12 
RSSI:7 8 11 9 11 10 10 8 7 10 8 14 10 10 6 6 10 6 6 7 5 5 7 6 6 7 7 8 8 8 7 9 8 6 7 7 8 9 21 20 19 5 9 8 7 10 5 6 9 5 9 9 5 6 5 5 8 7 9 9 6 5 5 5 6 5 8 10 3 4 16 18 18 42 56 7 18 44 21 15 
RSSI:7 9 8 9 12 9 10 9 8 8 10 6 6 8 6 6 8 8 8 7 6 6 5 6 10 6 5 8 6 16 16 16 14 15 6 8 6 7 4 6 9 6 8 11 12 12 12 12 12 12 11 12 6 6 11 11 11 11 10 10 10 8 6 5 5 5 6 4 9 10 18 14 17 38 4 55 52 43 20 13 
RSSI:8 7 7 17 6 9 6 6 9 6 7 9 6 6 7 7 7 6 7 11 6 6 6 6 6 9 6 7 8 12 7 8 5 6 5 7 7 7 6 8 6 6 9 10 12 13 12 13 13 12 12 11 11 11 12 12 17 10 11 11 6 4 6 7 6 8 6 9 12 4 19 16 21 45 56 4 5 43 23 15 
RSSI:6 6 7 40 42 42 6 8 10 7 6 5 6 7 10 6 7 9 5 7 9 8 6 7 6 7 5 6 8 5 5 6 6 7 6 5 6 6 8 8 6 5 6 8 7 13 5 15 17 19 6 5 5 6 8 4 13 17 5 6 6 5 5 8 5 4 6 9 11 11 4 7 16 45 56 55 52 4 5 16 
RSSI:9 7 6 17 9 9 8 6 8 6 7 9 10 10 8 8 6 9 7 10 8 7 7 10 6 7 9 9 6 8 6 6 6 5 7 16 13 9 7 5 6 5 6 6 5 5 9 6 5 7 6 6 5 5 8 6 8 6 5 5 5 5 6 4 4 8 5 5 4 7 11 11 12 37 4 7 42 35 15 10 
RSSI:6 11 8 6 5 16 17 17 18 17 15 16 13 11 7 9 8 6 7 7 6 6 5 7 6 5 5 9 7 7 10 7 6 8 30 30 14 7 6 7 5 5 7 8 6 6 5 6 7 5 6 5 5 9 6 6 6 6 6 5 10 9 8 7 7 5 6 7 6 5 11 11 12 39 47 5 5 34 15 8 
RSSI:7 6 6 6 13 12 11 7 10 29 28 26 29 27 8 6 6 10 6 5 11 8 6 6 6 7 10 11 13 7 8 6 6 5 7 8 5 5 9 5 6 4 6 6 6 6 8 6 6 8 6 4 5 6 9 6 7 8 6 10 11 8 6 8 5 6 7 5 9 7 4 11 13 43 47 49 7 4 15 10 
RSSI:6 9 11 7 12 14 8 17 9 7 9 10 8 6 6 7 11 6 7 6 5 30 30 29 11 13 17 6 9 8 12 13 7 6 6 5 6 8 6 5 7 6 8 10 12 12 12 12 11 11 11 12 12 12 12 12 30 32 32 33 32 13 12 7 6 5 5 8 6 6 7 13 12 40 46 49 4 6 16 9 
RSSI:22 9 6 12 6 9 10 6 7 10 6 7 9 6 6 8 6 6 6 6 8 5 6 9 5 6 8 5 15 15 14 16 6 9 5 5 5 6 7 5 5 8 6 6 5 6 5 6 6 7 5 6 10 6 20 18 16 5 5 9 6 7 5 5 5 5 4 9 6 7 11 4 6 39 47 48 44 36 3 5 
RSSI:8 7 11 14 12 13 15 10 11 10 9 10 9 9 7 6 6 9 6 6 7 6 7 8 6 8 6 5 8 10 7 9 6 6 7 5 6 6 6 8 5 5 9 5 9 8 7 8 6 7 9 19 24 15 18 14 32 33 16 15 7 7 5 5 6 4 5 9 5 4 4 6 4 15 8 7 19 11 7 10 
RSSI:20 7 7 6 6 7 6 7 7 8 10 7 7 7 6 7 8 7 6 6 8 10 13 6 10 9 5 5 8 17 18 6 9 7 8 6 6 7 6 6 5 6 9 5 6 7 5 7 8 6 7 5 5 8 7 5 5 5 5 4 5 6 5 4 7 3 5 4 5 5 8 4 8 12 4 5 19 11 5 4 
RSSI:6 7 17 9 12 10 9 6 9 8 9 7 7 7 6 6 6 6 7 6 6 9 5 6 7 6 7 6 5 9 6 5 8 5 6 6 6 7 5 9 11 8 5 9 9 7 6 6 5 5 6 8 24 28 16 31 9 9 9 9 7 8 4 4 6 4 10 9 4 4 4 6 7 13 22 22 20 7 4 6 
RSSI:7 6 6 7 10 6 7 12 9 8 9 7 6 9 6 9 6 5 6 6 5 9 6 6 7 6 6 5 6 9 6 7 9 5 6 7 5 5 7 6 7 6 6 9 5 4 6 6 6 6 5 7 6 11 8 7 5 9 8 8 9 8 9 5 4 8 6 4 6 4 5 5 4 15 22 22 20 8 4 4 
RSSI:37 39 38 38 38 39 39 39 30 38 37 36 36 36 27 32 28 21 8 7 6 7 6 8 7 6 8 5 7 10 8 9 7 8 9 9 9 8 8 8 8 7 9 11 12 12 13 12 11 12 12 12 12 13 14 16 16 15 13 12 16 9 7 6 7 6 5 6 6 6 6 7 7 15 6 20 20 11 4 5 
RSSI:6 20 17 12 21 22 14 21 8 6 24 16 16 10 9 8 8 6 6 6 7 6 6 5 6 6 6 6 6 6 6 6 8 9 8 6 5 6 6 5 6 6 6 6 11 12 13 12 11 10 11 11 11 11 10 12 11 22 23 23 9 7 5 5 5 5 4 4 5 5 4 5 5 5 5 22 20 11 4 5 
RSSI:7 8 7 6 15 6 6 7 6 6 6 6 6 6 6 6 6 5 6 7 7 8 12 14 22 22 22 22 14 18 20 20 20 12 13 12 9 8 18 18 17 5 8 10 11 11 11 12 11 11 11 10 11 11 15 15 11 11 10 10 8 7 5 5 4 4 5 4 4 5 4 5 4 14 22 22 20 11 4 5 
RSSI:6 6 6 10 10 12 10 10 10 6 6 7 7 6 15 8 7 6 6 6 6 6 6 7 8 9 13 14 11 24 26 6 6 5 6 6 5 6 6 5 6 6 6 7 6 5 6 6 6 5 6 6 5 6 6 6 5 5 8 6 5 5 5 4 5 5 4 4 4 5 5 5 4 4 5 22 20 11 5 4 
RSSI:7 7 6 12 6 8 7 6 6 6 7 8 6 7 7 7 7 6 6 6 6 7 5 6 6 6 6 6 6 7 8 13 6 6 5 6 6 6 6 6 6 5 6 5 6 5 6 6 6 5 6 5 6 6 7 7 5 5 5 6 5 4 6 5 5 4 4 5 4 4 5 4 5 5 4 4 4 5 6 7 
RSSI:6 10 6 7 12 8 6 10 7 6 8 36 32 25 8 6 9 9 6 7 7 6 7 6 5 10 5 16 19 21 21 21 9 8 5 6 6 6 8 6 6 8 11 5 9 4 12 13 10 9 4 11 11 11 10 11 13 12 8 7 8 6 17 4 7 5 5 5 4 6 8 4 5 6 5 6 6 4 6 6 
RSSI:7 7 6 10 6 8 10 6 6 8 6 8 9 9 6 7 6 6 6 6 8 6 6 8 5 6 6 6 6 7 8 10 8 6 8 6 8 8 12 7 11 7 8 10 8 7 9 7 6 7 12 12 12 11 11 10 10 12 10 9 5 6 4 8 5 4 6 5 4 6 5 6 6 17 5 4 25 15 8 5 
RSSI:10 7 38 40 46 7 7 8 7 7 8 8 10 8 7 7 6 5 7 8 8 7 9 6 8 5 6 5 6 9 5 5 8 7 6 6 6 9 5 8 8 5 7 10 12 12 12 13 11 11 11 12 4 5 16 18 11 10 10 11 9 8 8 5 5 7 4 8 5 6 5 7 5 18 27 5 5 16 4 5 
RSSI:8 7 11 7 7 7 11 9 17 6 6 10 10 10 6 12 8 6 6 6 6 5 6 7 7 6 7 8 8 7 6 7 6 5 18 16 12 6 7 6 6 9 6 5 6 6 9 6 6 9 5 7 8 6 5 4 6 8 6 5 8 5 5 5 4 7 5 5 8 4 7 7 6 18 8 16 25 16 6 7 
RSSI:19 31 30 40 42 42 17 17 18 18 17 7 10 8 7 7 6 6 9 6 9 6 6 6 6 9 9 6 5 19 17 8 26 24 23 5 6 5 6 10 9 5 9 7 5 7 6 6 6 6 7 8 8 14 15 6 11 11 10 10 12 5 5 5 8 5 4 5 5 4 5 5 8 18 4 27 25 15 4 9 
RSSI:6 8 18 12 14 11 31 31 30 27 27 9 6 8 6 6 9 5 6 6 7 9 6 6 9 6 8 7 7 6 6 5 9 5 6 8 6 6 7 6 7 5 6 7 5 4 5 6 10 8 6 5 5 7 7 6 4 8 5 6 6 5 5 5 6 5 5 5 6 4 6 8 7 19 27 27 4 8 5 4 
RSSI:9 10 8 15 10 11 12 6 6 8 8 8 10 8 10 6 6 6 7 6 6 38 37 36 11 11 9 6 8 9 11 13 9 5 5 6 7 5 5 6 8 6 9 13 12 12 12 13 11 9 12 11 11 10 6 7 6 33 33 17 16 13 25 19 8 5 9 7 9 7 4 15 17 43 55 55 8 5 23 12 
RSSI:22 23 6 7 6 8 6 6 10 5 7 9 7 6 8 5 5 5 6 10 6 5 8 6 6 9 6 6 5 22 22 20 5 7 8 5 8 9 6 7 5 5 8 11 12 12 13 11 8 11 12 10 11 15 17 16 12 10 10 9 9 6 10 5 5 8 7 8 9 4 7 18 18 46 55 55 4 5 21 14 
RSSI:11 9 15 10 12 9 9 10 9 7 11 10 9 5 6 6 7 7 6 8 9 6 5 7 5 6 7 6 9 7 7 6 5 6 8 9 7 5 4 7 5 6 7 9 9 7 6 9 6 6 8 7 11 15 5 6 7 6 6 8 7 9 5 5 7 4 6 5 4 11 17 17 18 45 7 5 52 42 19 14 
RSSI:6 10 6 6 7 10 6 6 7 7 6 6 9 6 6 8 6 7 6 8 11 8 6 8 6 6 10 6 6 8 7 7 8 6 5 6 7 5 5 9 8 5 6 7 6 6 4 6 7 9 6 10 11 11 5 8 6 5 6 6 8 6 6 9 5 4 6 8 12 9 6 17 19 43 55 55 7 4 21 13 
RSSI:7 8 12 7 6 10 7 7 11 7 7 9 7 6 10 6 6 7 6 6 8 4 7 5 7 8 10 9 7 13 22 21 21 21 8 7 15 6 6 5 5 7 9 5 5 6 6 6 7 7 11 7 9 9 8 9 9 8 16 16 16 12 10 7 6 5 9 7 7 9 4 6 18 44 55 55 49 4 5 14 
RSSI:7 8 8 8 10 5 5 10 11 6 9 20 16 9 8 6 6 8 5 6 7 6 7 8 5 9 6 6 7 6 5 5 6 8 5 7 8 5 5 6 8 7 6 6 10 6 6 9 5 7 8 6 5 7 8 10 9 10 10 9 4 7 8 5 4 5 6 10 4 8 17 14 16 42 56 7 50 42 20 14 
RSSI:6 7 7 10 9 11 11 10 18 10 7 7 9 9 6 18 7 5 6 7 6 6 6 6 5 7 10 4 6 9 11 9 10 9 8 8 6 6 9 5 5 7 8 10 12 12 12 14 12 12 11 10 5 7 6 6 11 11 12 11 9 7 6 5 5 9 5 5 9 11 17 18 17 43 5 55 50 43 21 12 
RSSI:6 7 11 8 9 11 7 10 11 14 10 9 7 8 6 8 9 9 8 6 5 6 5 7 6 5 9 7 8 10 5 5 9 5 5 5 7 13 11 6 8 9 6 5 6 8 7 8 5 9 5 6 8 7 7 14 22 24 8 6 5 6 5 6 9 5 6 10 8 10 7 4 16 45 56 55 50 4 6 16 
RSSI:7 8 15 7 7 9 7 7 8 6 6 5 6 6 6 6 6 6 7 6 6 5 9 6 6 8 5 5 6 7 7 7 5 12 6 7 8 8 18 17 17 5 5 9 5 5 10 6 9 7 4 6 6 5 7 5 6 9 6 6 6 6 5 5 8 7 5 8 10 11 17 16 17 6 56 55 51 42 20 4 
RSSI:6 6 10 8 6 6 8 9 11 9 9 8 6 7 9 6 6 10 8 7 8 6 6 7 6 7 6 6 9 21 21 19 21 20 5 7 5 5 9 5 5 6 5 6 5 6 9 6 6 7 6 5 6 6 7 5 9 8 10 6 8 12 5 5 5 5 10 4 5 11 18 17 21 47 9 33 51 43 22 13 
RSSI:7 10 16 6 6 8 6 11 6 7 10 7 6 9 7 6 8 4 5 6 7 6 6 6 8 5 7 6 7 11 15 19 6 5 5 4 7 5 6 7 6 5 7 6 9 5 5 8 6 5 5 5 11 8 7 5 5 5 8 5 9 13 5 5 8 4 5 7 6 5 4 4 7 4 4 7 4 4 26 20 
RSSI:7 8 7 11 14 6 6 8 6 6 40 36 32 6 6 6 8 6 6 6 6 6 6 5 10 6 10 7 19 21 21 20 20 9 5 8 6 6 7 6 5 5 7 9 7 6 8 8 5 7 6 6 6 15 17 17 5 6 10 7 9 6 17 15 6 9 11 17 12 17 4 24 20 52 61 61 5 4 25 16 
RSSI:6 7 17 6 6 11 7 7 8 6 6 10 6 6 10 6 6 9 6 6 8 6 8 5 8 8 6 6 9 10 8 10 7 6 9 8 7 9 6 6 6 5 8 9 11 12 14 12 11 11 11 11 12 12 11 11 11 11 11 9 9 7 8 6 5 8 10 11 13 6 22 23 24 50 62 5 5 48 24 21 
RSSI:7 7 8 6 7 11 6 9 11 8 14 14 14 7 7 10 6 6 9 6 5 8 6 6 5 7 7 7 7 9 14 6 8 6 4 6 25 25 24 6 7 6 7 9 9 9 12 16 6 8 9 6 11 11 12 12 10 10 13 11 9 6 7 4 4 7 10 11 13 16 8 5 19 49 62 62 59 5 4 20 
RSSI:6 7 14 12 15 17 16 8 30 30 30 24 24 8 9 5 6 7 6 6 6 5 9 6 6 7 8 12 9 5 6 6 8 5 6 6 6 6 6 6 10 7 7 7 6 6 6 8 7 6 6 8 6 7 7 7 6 5 7 8 7 6 5 6 4 5 10 13 12 16 22 8 6 54 61 61 59 47 5 5 
RSSI:9 10 6 6 16 12 11 6 6 7 9 10 7 8 9 6 8 6 6 5 6 34 34 34 8 11 16 9 9 6 8 7 6 5 9 11 17 8 7 6 6 6 7 7 8 6 6 6 7 6 6 7 6 6 7 7 9 8 7 7 6 5 10 6 10 5 5 5 5 5 4 4 5 5 5 4 5 4 26 17 
RSSI:22 26 28 28 30 28 7 6 6 6 6 7 6 6 6 6 6 6 6 6 6 6 6 6 6 6 6 6 6 6 6 5 6 15 12 9 7 6 6 6 6 6 7 6 5 6 6 7 6 5 6 6 6 6 7 6 6 5 8 19 18 16 6 5 12 13 13 12 13 16 5 5 19 53 62 62 59 4 21 19 
RSSI:7 10 8 8 9 16 15 13 16 16 8 6 9 17 24 8 8 7 5 6 5 5 6 7 7 6 5 6 6 6 6 6 6 5 8 9 8 6 6 6 6 5 6 7 7 5 7 7 7 6 6 19 24 26 32 32 16 16 12 15 14 28 5 4 5 6 10 12 12 3 5 24 24 51 62 62 5 5 26 17 
RSSI:6 6 6 7 13 7 6 11 10 10 7 6 6 6 6 6 6 5 6 6 6 15 15 13 5 6 5 5 6 5 6 6 6 6 7 6 6 6 5 7 6 6 9 10 12 12 12 11 11 11 6 6 10 10 11 11 11 10 10 11 10 9 7 6 4 7 8 13 12 16 21 5 21 54 61 61 59 5 5 19 
RSSI:8 9 7 7 9 19 7 10 10 10 9 8 6 7 7 6 5 6 6 6 5 6 6 6 5 6 6 6 6 6 6 6 6 6 5 6 6 7 6 6 6 5 7 9 11 12 12 12 11 12 11 11 12 11 11 11 11 11 7 11 9 8 6 5 4 5 10 11 13 15 5 5 23 51 61 61 58 4 6 22 
RSSI:6 6 6 6 7 6 7 6 10 24 22 19 7 6 6 6 6 6 6 6 6 6 6 6 6 5 6 5 8 6 8 6 8 7 7 7 6 7 6 6 5 6 6 6 6 6 7 6 6 7 7 6 7 7 7 8 8 6 5 8 9 7 6 6 5 5 5 4 4 5 5 5 5 5 5 5 5 4 10 23 
RSSI:6 7 7 9 12 5 6 1 -2 -16 54 34 45 -8 12 5 6 5 7 6 6 6 6 6 6 6 6 6 6 10 10 10 9 8 8 6 7 6 7 6 6 6 7 6 7 7 8 7 6 6 8 7 7 7 7 7 5 6 9 9 9 8 7 7 5 5 13 14 18 18 25 4 5 56 68 67 62 50 5 19 
RSSI:6 10 7 8 9 9 9 22 22 22 7 7 7 7 7 6 7 6 6 6 5 6 6 6 6 6 6 6 6 6 6 6 7 8 6 6 6 6 6 6 6 6 6 7 6 6 6 7 7 6 7 6 5 7 7 7 7 8 11 17 22 18 6 7 8 16 6 14 14 18 25 23 9 4 64 64 61 50 24 4 
RSSI:6 11 7 7 6 7 7 7 7 6 6 6 6 6 6 6 6 6 6 6 6 6 7 6 6 6 7 8 9 6 8 7 7 6 6 6 7 6 8 8 8 8 14 12 11 6 7 7 6 6 6 6 6 8 8 7 6 6 8 6 8 6 6 6 7 6 11 5 13 17 25 24 20 5 4 63 60 48 29 23 
RSSI:7 7 18 6 7 7 7 7 7 7 8 7 7 6 6 6 6 6 6 6 6 6 6 6 6 5 6 6 6 6 6 6 6 8 18 16 14 10 8 6 5 6 8 10 12 13 12 11 11 11 11 8 11 7 10 11 10 10 9 9 10 7 6 6 6 7 5 7 13 17 24 23 17 4 63 63 60 47 28 5 
RSSI:7 7 6 6 6 7 7 6 6 6 7 6 6 6 6 6 6 6 6 5 6 5 7 6 6 6 6 6 6 6 7 7 13 16 18 7 7 6 6 6 6 6 8 10 11 13 12 11 6 7 7 6 6 7 8 8 8 6 8 8 5 5 6 6 6 8 12 12 5 5 3 4 5 4 4 4 4 4 5 4 
RSSI:7 7 14 7 7 7 8 7 6 6 6 6 35 29 17 6 6 6 6 6 6 6 6 6 6 6 8 11 13 16 6 6 5 6 6 9 6 7 5 7 7 7 6 9 8 6 8 6 9 9 6 7 6 6 9 7 6 12 9 6 10 6 6 9 6 7 7 5 13 16 23 23 20 5 4 63 59 50 27 18 
RSSI:10 6 6 9 6 10 8 6 6 10 7 7 9 6 6 10 6 7 10 6 5 8 6 6 9 6 6 6 6 9 9 6 11 10 11 10 7 6 10 8 6 7 8 7 6 7 7 9 6 7 10 5 5 9 6 9 7 6 8 9 5 7 5 6 9 6 9 13 5 15 20 19 19 52 13 7 57 44 25 15 
RSSI:7 10 11 46 44 45 11 12 12 12 12 11 8 7 10 5 6 9 8 7 8 10 6 8 6 5 5 6 8 5 6 8 5 6 6 7 9 5 6 6 6 5 9 6 8 5 12 14 16 5 6 7 7 5 10 12 6 5 7 6 9 6 6 7 5 6 8 12 13 15 5 4 23 48 60 59 57 8 19 18 
RSSI:11 6 11 6 9 6 12 10 6 6 10 10 10 11 17 11 7 6 7 6 7 8 5 7 6 9 8 6 7 11 6 5 12 17 17 5 7 5 5 7 6 9 8 6 9 6 6 6 6 7 5 5 8 6 11 11 6 9 10 9 8 5 5 5 7 6 8 12 13 11 8 21 20 51 59 59 10 5 26 17 
RSSI:6 7 11 13 16 18 11 12 12 12 13 17 6 7 9 6 6 6 6 8 8 5 6 5 6 9 28 27 24 23 22 6 6 6 9 8 5 11 9 6 7 9 7 6 7 12 12 13 11 12 10 11 11 12 13 11 11 9 10 5 5 26 22 16 8 6 9 5 4 7 5 5 4 5 6 5 4 7 5 6 
RSSI:7 7 28 30 32 31 32 31 6 6 8 11 8 8 5 7 7 6 7 6 6 7 6 6 8 6 6 6 5 9 6 6 10 5 7 10 8 6 8 5 6 8 10 9 12 13 11 8 12 10 11 11 11 12 10 10 10 12 13 12 10 5 6 12 13 13 12 12 4 8 23 21 17 53 63 5 60 46 25 21 
RSSI:11 6 6 20 19 19 18 18 19 6 7 11 8 7 8 8 8 10 5 6 9 6 6 7 6 11 11 8 6 9 6 8 10 12 5 9 6 5 8 6 5 5 6 9 7 7 8 9 7 9 9 10 12 16 30 30 12 11 13 13 12 8 7 8 6 6 11 5 13 17 24 25 22 5 6 63 59 46 24 22 
RSSI:14 15 15 7 7 11 11 7 7 6 7 10 5 6 8 6 6 10 7 8 10 10 6 6 7 6 8 6 7 10 7 5 8 6 6 8 5 9 6 6 5 6 7 9 6 6 7 5 6 6 7 12 8 7 7 9 5 8 9 13 9 8 7 6 6 6 12 11 14 16 5 22 24 53 63 63 4 4 26 19 
RSSI:6 8 6 7 7 7 9 12 11 12 11 10 7 7 6 7 6 7 6 7 6 6 6 6 6 6 6 6 6 5 6 6 6 6 6 7 8 8 6 6 6 6 6 6 6 5 6 7 6 6 6 7 10 12 8 8 7 5 7 8 7 7 6 7 7 5 9 12 13 18 24 23 5 44 63 63 60 47 5 4 
RSSI:7 7 7 7 7 8 7 7 7 7 9 19 14 9 6 6 6 6 5 6 6 6 6 6 5 6 7 6 6 6 6 6 5 6 6 7 7 6 7 6 6 7 7 6 6 7 11 10 10 10 10 6 10 10 11 12 11 9 9 8 10 9 7 7 7 9 5 4 5 5 5 4 5 5 5 4 4 5 5 5 
RSSI:7 7 7 9 10 10 7 6 6 6 6 6 7 7 6 6 6 7 7 7 6 6 6 6 6 6 6 6 6 6 5 6 8 8 8 7 7 7 7 6 6 6 7 8 10 11 10 10 9 9 9 9 10 10 9 10 8 7 10 9 8 8 7 6 5 5 12 11 14 18 25 4 5 55 63 63 60 48 5 4 
RSSI:6 6 6 16 20 21 8 8 8 7 6 6 7 6 8 8 8 7 6 7 6 6 6 7 6 6 6 6 6 7 9 9 9 11 6 8 8 15 6 6 6 6 8 8 9 6 6 6 6 6 7 6 7 7 8 8 8 8 10 14 14 18 15 9 6 8 12 12 14 4 4 21 25 51 65 67 5 5 33 21 
RSSI:7 7 6 15 6 6 6 6 6 6 7 7 6 6 6 6 6 6 6 6 6 6 6 6 6 6 6 6 7 7 7 7 7 6 7 6 6 6 6 6 8 8 8 12 9 7 6 7 6 7 6 6 7 5 6 8 7 7 9 8 8 4 5 6 7 8 11 13 4 5 24 25 21 56 66 5 5 52 27 21 
RSSI:7 7 19 7 8 8 7 8 8 8 8 7 7 7 6 6 6 6 5 6 6 6 6 6 6 6 6 7 6 6 5 6 6 6 5 15 16 12 9 6 6 5 6 7 7 6 5 7 6 6 7 8 10 10 20 21 5 7 9 9 8 7 7 5 5 9 12 14 14 19 4 5 24 56 66 68 62 4 8 24 
RSSI:7 6 8 6 6 7 6 6 7 6 6 6 6 6 6 6 6 5 6 6 6 6 6 6 6 6 7 8 6 21 6 6 6 5 7 6 10 10 10 6 6 6 6 6 6 6 5 6 7 7 5 5 7 5 6 7 7 8 7 5 8 7 7 6 7 8 5 4 14 20 25 26 17 4 4 4 4 4 4 4 
RSSI:7 8 7 7 7 7 6 8 6 8 7 7 6 8 5 6 8 10 7 6 10 6 6 8 5 6 9 6 6 21 22 15 22 23 6 5 9 6 6 7 7 5 7 9 10 10 9 8 6 7 7 8 10 10 11 9 8 11 12 11 11 9 4 5 10 11 12 15 21 6 5 24 23 59 73 72 6 48 28 26 
RSSI:7 6 11 7 10 8 8 7 6 6 5 8 7 7 9 5 6 7 5 5 5 5 9 6 6 8 6 6 8 8 10 7 5 6 6 6 10 7 6 8 5 5 9 9 9 10 9 9 9 8 9 10 9 9 10 17 8 11 13 14 11 9 7 4 10 13 12 22 26 8 4 29 26 62 74 73 8 4 34 28 
RSSI:6 10 6 8 12 45 44 45 6 6 8 5 9 6 6 9 6 6 10 7 6 6 4 6 5 8 7 6 6 8 6 6 7 6 6 6 7 7 7 6 8 7 6 6 6 6 9 9 9 10 11 10 7 9 9 9 9 10 19 17 12 10 10 10 9 7 5 25 25 24 32 31 4 6 75 73 71 59 28 5 
RSSI:7 6 6 7 5 10 6 6 10 6 6 9 6 8 9 6 6 6 6 6 7 7 8 6 6 7 7 9 10 7 5 6 7 7 6 7 8 7 6 6 7 6 7 8 9 4 7 8 8 9 8 8 9 5 7 10 9 11 14 15 4 4 12 10 10 12 16 6 19 25 34 32 23 49 5 75 71 57 32 22 
RSSI:5 6 7 7 10 12 11 12 10 13 12 10 10 9 8 6 8 6 6 8 6 6 5 6 7 6 9 9 6 5 19 11 15 22 25 5 6 10 7 8 6 6 8 8 6 7 9 8 8 10 8 6 8 9 10 10 9 11 18 11 12 11 10 11 9 5 15 24 28 26 34 8 5 6 4 5 5 5 5 7 
RSSI:7 12 9 9 12 10 20 24 26 32 31 7 8 7 6 8 9 6 8 6 6 6 6 7 6 6 8 6 6 7 5 5 8 7 8 6 8 8 5 5 5 6 7 7 6 7 6 7 7 5 5 6 5 6 6 6 8 5 5 5 5 7 5 10 11 13 14 24 4 6 34 31 22 61 75 4 5 57 29 27 
RSSI:7 7 9 9 14 6 7 6 11 9 8 11 14 7 7 9 7 5 6 38 36 34 8 8 11 6 6 7 6 6 12 12 17 14 8 7 7 8 6 6 7 7 8 10 11 12 10 12 13 15 11 11 9 12 13 25 25 24 26 26 18 15 12 11 11 4 16 23 27 28 35 5 8 64 75 75 72 57 4 4 
RSSI:6 6 7 6 8 6 7 10 6 7 9 9 7 9 6 9 7 7 8 7 6 8 6 6 6 22 20 17 17 8 7 6 5 6 6 6 6 6 6 7 7 8 7 11 10 9 11 10 9 11 11 13 14 10 9 10 10 8 5 21 13 10 10 10 7 5 17 26 26 25 33 5 22 64 75 75 72 4 5 23 
RSSI:8 8 11 7 16 6 11 6 6 7 8 8 7 7 9 6 6 6 6 6 5 6 8 6 6 8 6 6 6 6 8 5 6 9 7 7 9 7 7 8 8 9 7 7 9 8 5 7 9 9 9 12 18 21 24 18 19 12 16 15 17 16 12 11 10 13 5 6 27 27 34 19 24 6 5 75 71 56 30 21 
RSSI:6 7 18 6 6 8 9 7 6 9 7 15 17 11 8 7 7 7 7 6 6 8 6 7 8 5 6 6 7 7 7 7 9 6 6 7 7 6 7 7 9 6 9 10 7 6 6 8 8 9 9 9 9 6 10 10 10 12 15 15 6 5 10 10 10 13 16 4 21 27 35 30 21 53 5 75 72 58 26 26 
RSSI:6 8 7 17 7 9 7 7 7 6 7 6 6 6 6 6 6 7 6 6 7 8 6 7 6 6 8 8 7 6 9 9 8 8 7 8 8 6 7 8 6 5 6 8 6 6 6 7 7 6 6 6 6 6 5 5 6 6 6 16 14 12 11 12 4 4 18 26 26 28 36 7 16 65 77 76 73 29 5 29 
RSSI:8 10 18 23 25 9 15 14 7 9 7 6 10 8 8 10 6 6 9 6 6 7 9 7 6 6 9 6 6 9 8 8 10 6 6 8 6 6 7 8 9 7 7 9 8 9 10 9 9 6 6 10 10 11 10 16 13 22 22 22 14 13 11 5 11 14 16 25 27 7 5 26 24 65 77 73 4 5 33 19 
RSSI:7 7 10 7 7 10 10 6 7 10 6 7 10 7 6 9 6 6 8 6 7 7 7 6 6 6 10 8 7 10 7 6 6 5 7 10 9 22 22 11 5 9 9 10 11 12 12 10 11 12 11 12 12 9 11 12 12 14 17 17 7 12 11 12 11 14 6 8 27 26 35 22 21 4 5 76 73 61 31 20 
RSSI:8 11 8 15 8 8 6 7 6 6 10 39 35 28 6 6 6 9 6 7 9 6 6 7 7 8 13 19 6 7 7 9 6 6 8 6 7 8 7 9 6 7 9 8 9 9 9 9 8 7 10 11 10 11 15 15 18 12 17 16 14 5 12 20 12 14 16 27 6 29 36 36 23 63 13 5 73 59 31 31 
RSSI:10 6 17 8 7 10 7 7 6 10 6 7 7 7 6 11 7 5 7 6 6 10 7 6 7 6 7 8 11 13 13 8 8 8 7 8 9 7 6 9 7 7 9 10 9 7 5 10 10 10 10 10 6 5 11 11 11 12 16 5 6 12 11 12 12 14 5 19 26 29 35 16 8 5 77 77 73 61 29 4 
RSSI:5 8 8 6 11 15 12 11 11 10 13 12 7 11 9 8 7 6 7 11 6 6 8 6 6 7 6 8 6 6 16 15 6 28 30 30 5 5 5 6 8 5 5 8 4 7 8 10 9 11 10 10 5 8 10 11 11 13 18 7 16 12 11 12 11 7 4 26 27 27 35 32 5 5 76 71 74 61 31 3 
RSSI:7 7 10 9 8 16 15 22 32 31 15 7 6 6 6 7 6 6 9 6 6 7 6 7 6 10 8 6 6 8 9 6 9 6 7 8 7 8 7 7 9 9 9 10 5 9 10 9 10 10 11 5 11 11 12 11 11 7 5 17 15 12 12 13 6 7 19 27 27 30 35 5 16 67 75 72 74 43 4 21 
RSSI:11 6 6 6 9 10 7 15 17 15 14 13 9 6 24 26 26 8 11 8 6 9 6 6 8 10 9 11 9 9 6 7 7 5 7 7 9 9 13 7 6 7 8 10 11 10 11 9 10 11 10 13 19 14 14 15 16 16 27 27 19 13 14 12 12 14 17 8 5 4 5 6 27 62 74 72 74 8 29 32 
RSSI:8 7 12 9 8 7 10 7 11 11 17 8 6 9 6 6 7 6 9 6 13 15 16 7 6 7 7 7 10 6 7 9 6 5 10 7 7 8 8 7 6 9 9 10 9 10 9 11 7 10 11 10 11 11 5 4 12 14 18 18 15 8 6 14 12 13 21 26 5 11 36 24 22 63 75 4 74 63 28 23 
RSSI:11 7 6 18 6 10 10 10 11 9 7 6 6 8 7 8 8 6 7 7 6 6 7 6 8 6 7 8 6 6 5 5 7 7 7 9 7 7 7 6 7 8 9 10 9 9 8 6 10 10 11 11 11 7 9 17 12 15 18 18 5 8 12 12 13 14 21 5 10 30 36 26 21 67 4 76 74 62 39 31 
RSSI:8 7 8 18 6 26 27 28 7 7 10 7 6 9 9 6 9 7 7 6 8 7 7 6 10 6 6 5 6 6 8 6 9 8 9 8 8 7 9 8 5 8 9 9 10 9 10 7 6 11 11 12 12 12 7 7 12 16 20 20 20 17 16 14 12 16 23 9 4 31 38 17 20 67 4 4 76 63 33 34 
RSSI:6 10 7 7 11 9 8 10 6 7 10 7 6 8 6 6 9 7 7 7 7 6 6 6 9 6 7 8 8 9 7 7 9 8 7 8 7 8 10 5 9 19 17 17 10 11 6 12 11 12 12 12 7 8 12 12 13 18 19 5 5 16 13 14 14 14 5 25 29 32 38 30 5 5 76 74 76 63 32 4 
RSSI:6 7 7 7 7 9 10 10 10 9 8 7 7 6 6 6 7 8 7 7 6 8 6 6 6 7 7 7 21 24 24 23 23 7 24 8 5 8 7 9 8 9 10 6 7 10 10 10 11 11 6 6 13 12 13 12 13 6 7 6 5 7 14 13 12 17 25 5 27 31 36 11 25 13 5 74 76 63 28 23 
RSSI:7 6 7 6 7 6 7 7 6 6 7 7 7 6 6 6 7 6 6 6 6 6 7 6 6 6 7 7 7 7 6 6 7 7 7 8 8 8 9 4 8 9 10 11 11 11 6 11 11 11 12 12 8 5 13 14 15 16 19 8 7 15 12 14 12 14 6 5 27 31 37 25 25 5 53 75 77 64 29 23 
RSSI:7 17 27 31 16 6 7 6 7 6 7 6 7 6 6 6 6 6 7 7 6 7 6 6 7 6 7 7 7 6 6 7 6 7 7 7 9 5 7 9 8 9 10 11 10 9 11 11 11 12 12 6 5 16 18 15 13 15 8 13 18 14 13 13 13 4 25 26 27 32 36 4 5 72 76 74 75 64 5 5 
RSSI:6 7 7 7 7 7 8 9 14 15 15 7 32 29 26 22 16 8 6 5 7 5 6 6 6 7 7 7 7 19 23 23 7 6 8 8 7 6 8 8 8 8 10 11 9 9 11 12 12 12 12 5 5 12 13 13 13 14 3 -5 18 13 24 12 12 6 24 25 27 31 37 5 5 69 76 74 77 64 4 4 
RSSI:7 10 9 6 10 12 9 8 9 6 6 8 7 6 7 11 6 4 6 10 6 6 33 34 34 9 11 6 6 6 10 11 14 8 6 6 9 7 8 9 8 8 6 7 12 10 10 10 11 6 8 12 13 13 13 12 8 16 25 26 25 22 9 8 15 15 23 24 27 5 7 28 27 70 76 74 8 10 29 23 
RSSI:20 11 5 8 7 6 7 6 11 6 7 7 7 5 10 6 6 8 6 6 8 6 6 6 7 6 6 7 15 24 25 26 6 8 6 9 7 7 10 9 5 9 10 11 11 10 10 6 10 7 6 12 15 15 16 14 6 4 20 18 18 14 14 6 5 16 24 25 28 31 4 27 25 71 76 75 50 5 38 27 
RSSI:7 8 11 9 9 10 10 10 6 9 6 10 9 8 7 7 6 7 8 6 6 7 7 8 7 6 6 8 8 8 9 8 7 6 6 8 8 8 8 9 9 8 9 11 10 11 11 11 6 7 12 13 19 23 25 26 14 15 19 20 20 10 5 15 13 18 24 25 5 10 39 36 25 72 76 7 73 63 27 22 
RSSI:7 6 6 15 10 9 7 6 7 7 7 7 16 10 9 6 5 6 8 8 7 8 7 6 5 7 7 9 8 7 8 5 5 8 6 9 8 7 10 6 7 11 11 12 10 10 11 11 13 13 13 13 9 7 15 14 13 17 20 8 13 16 14 15 14 9 5 25 30 32 37 35 5 5 8 4 5 5 4 6 
RSSI:7 9 7 16 6 7 6 10 6 6 10 7 6 7 6 7 9 7 6 8 7 6 6 6 9 5 8 9 6 7 9 8 8 7 9 10 8 8 10 6 6 8 10 11 11 12 12 10 12 12 13 12 13 8 11 13 14 17 20 20 6 6 14 14 13 16 25 4 6 32 38 23 30 71 7 75 75 66 33 24 
RSSI:8 10 7 7 10 7 9 12 7 7 9 6 6 9 6 5 6 6 8 7 6 9 6 6 7 6 7 5 6 7 6 6 16 16 14 15 12 7 7 9 8 8 10 9 10 10 12 12 9 6 12 12 12 13 13 6 5 17 19 19 17 15 6 5 12 16 26 25 27 6 37 25 23 72 77 38 6 63 30 27 
RSSI:7 9 6 16 9 6 8 7 7 6 7 7 9 6 6 9 6 7 6 7 5 7 6 7 6 6 9 7 7 9 11 15 7 8 7 7 6 9 8 8 10 9 10 7 5 10 10 11 11 11 5 11 12 13 13 14 8 5 19 20 17 15 14 8 5 16 22 25 29 32 4 6 17 68 77 75 76 4 9 30 
RSSI:6 6 7 17 37 45 45 8 6 6 8 6 7 9 7 6 6 6 5 5 6 8 6 6 9 6 6 5 7 8 8 8 9 7 6 7 7 9 7 8 11 9 7 8 10 10 10 12 12 12 15 12 14 13 13 6 14 18 20 20 18 15 5 5 13 17 25 25 26 5 28 11 21 71 76 16 5 60 30 21 
RSSI:7 6 13 10 8 7 10 6 7 11 12 11 10 9 12 8 8 10 6 6 7 6 8 6 6 9 8 10 10 7 6 9 10 9 11 8 8 8 5 6 9 7 10 12 10 7 6 14 13 12 13 13 5 7 13 14 13 16 20 10 7 7 12 8 6 7 5 6 8 4 4 6 4 5 4 4 8 4 26 19 
RSSI:6 7 9 10 10 11 9 9 10 12 12 6 11 8 7 8 6 6 9 6 11 9 6 6 7 6 36 34 22 20 20 9 6 7 9 7 7 8 7 9 6 8 11 11 12 12 13 11 12 14 12 13 13 6 9 15 14 16 20 20 14 25 22 17 15 16 8 5 16 4 5 5 21 64 76 75 75 4 5 24 
RSSI:24 25 32 36 38 6 7 8 8 6 6 7 6 6 6 5 6 6 7 6 5 6 7 7 11 7 6 9 7 6 8 6 20 18 15 8 9 8 8 11 9 6 5 10 11 11 11 12 8 12 13 13 13 13 11 18 17 17 20 19 18 6 11 14 13 17 26 15 6 32 32 20 26 71 5 5 76 65 29 26 
RSSI:7 9 11 17 16 15 8 9 10 8 9 8 10 11 7 6 9 6 9 8 6 6 6 7 7 6 7 8 6 7 7 7 9 6 7 9 8 8 8 8 9 5 6 12 12 10 10 12 8 11 12 15 16 15 15 10 17 19 22 20 18 7 5 13 16 14 25 25 6 21 38 24 29 72 55 4 73 64 34 20 
RSSI:9 7 6 11 12 7 10 6 6 8 7 10 7 6 7 6 6 7 7 6 7 8 7 6 6 6 6 7 7 7 6 6 7 7 7 8 8 9 8 5 7 10 9 10 10 10 5 5 12 12 12 13 13 7 15 15 14 16 20 9 5 13 14 14 15 16 7 4 27 32 38 15 31 5 9 75 75 63 34 28 
RSSI:6 9 7 9 10 7 8 7 6 8 7 7 10 6 7 10 6 6 9 6 6 8 8 7 10 7 7 7 7 7 6 8 9 7 9 9 8 9 6 8 10 10 10 10 6 5 7 8 7 6 9 8 11 14 14 15 5 6 5 6 7 6 5 5 5 5 5 5 5 4 5 5 5 4 4 5 7 5 5 6 
RSSI:10 7 14 6 26 26 26 7 7 6 7 10 6 7 13 13 11 6 6 8 6 10 6 6 8 6 5 9 7 5 7 7 9 9 8 9 7 7 9 6 8 8 10 10 11 12 10 12 14 13 12 12 9 10 14 13 12 18 21 17 17 15 14 14 12 5 7 26 26 31 36 14 4 63 75 75 76 62 9 4 
RSSI:8 7 7 11 7 6 10 6 8 8 6 6 9 6 6 6 7 8 9 6 8 6 6 8 7 7 7 7 7 7 9 9 6 7 8 7 9 8 18 18 18 8 9 12 9 11 12 13 11 11 10 9 13 13 13 13 13 6 6 18 18 14 12 13 10 13 19 25 26 30 4 5 17 69 75 74 75 5 5 20 
RSSI:7 7 15 6 6 7 8 8 7 6 9 6 6 27 17 8 10 8 8 8 6 6 9 6 6 7 9 12 9 6 6 6 6 9 6 6 9 7 8 7 8 10 7 6 10 10 9 10 11 7 6 11 11 13 12 12 11 9 7 6 14 14 13 12 13 12 5 26 26 31 34 15 8 5 75 74 75 64 31 15 
RSSI:6 7 7 7 11 25 10 8 8 7 7 6 6 6 6 6 7 6 7 6 6 6 6 7 7 6 7 7 6 7 7 7 10 9 9 8 10 9 8 8 6 6 9 9 10 10 9 10 6 11 11 11 12 12 16 18 12 20 22 22 20 8 12 12 12 14 22 4 4 30 37 35 18 65 5 75 75 61 35 25 
RSSI:22 7 8 10 9 7 7 10 10 10 9 8 7 7 6 6 7 7 7 7 6 6 6 6 9 7 7 7 7 6 6 6 7 7 6 9 8 9 16 13 8 8 10 9 9 6 6 10 10 10 11 12 5 10 12 12 12 13 16 6 19 16 15 12 14 5 5 27 27 30 38 30 5 13 75 74 76 63 33 5 
RSSI:7 6 12 11 11 11 7 6 37 36 35 20 22 7 6 6 6 6 7 6 7 7 6 6 7 6 8 10 7 7 6 7 6 7 8 7 7 6 6 8 8 7 9 9 10 5 10 10 11 11 11 6 6 12 12 12 12 15 4 5 16 14 12 12 12 7 6 26 26 30 37 13 5 50 75 74 75 62 19 6 
RSSI:7 10 12 12 7 6 12 12 9 13 19 11 8 7 6 7 6 26 29 33 12 11 6 6 7 6 5 6 7 6 7 10 14 16 8 8 8 7 8 10 16 5 9 10 10 10 10 11 10 13 12 12 13 12 29 28 30 30 30 18 18 15 12 12 12 15 20 4 27 30 32 9 24 65 5 73 75 63 31 23 
RSSI:9 7 8 7 7 8 8 7 9 7 7 7 6 7 6 6 6 6 7 6 6 6 20 23 24 19 6 7 6 6 6 6 6 7 7 7 7 7 5 5 6 6 7 8 10 11 10 11 11 12 9 11 12 12 12 13 13 8 19 17 18 15 12 5 5 13 20 25 26 30 5 15 24 68 74 74 75 5 27 27 
RSSI:7 7 7 6 7 7 7 9 10 10 9 8 7 6 6 6 7 6 7 6 6 6 7 6 7 6 6 6 8 7 6 7 7 7 9 8 9 9 9 7 7 8 6 9 11 11 11 10 11 6 11 12 12 13 12 12 6 14 18 18 18 13 5 5 12 15 21 25 26 4 5 8 20 68 75 74 4 5 32 21 
RSSI:7 6 13 7 7 8 7 7 7 26 25 20 7 7 6 7 6 5 7 6 6 6 7 6 7 6 6 7 7 7 7 7 7 7 7 8 8 8 8 8 8 6 6 10 10 9 9 10 6 6 11 11 12 11 12 5 5 15 18 18 16 13 5 13 12 13 19 26 7 4 5 4 4 5 4 4 5 5 6 4 
RSSI:7 8 9 7 9 8 19 8 6 7 6 7 6 7 7 7 6 5 7 6 6 6 7 6 6 7 6 7 7 8 7 7 7 6 7 9 9 7 7 7 7 6 6 8 9 9 9 9 9 6 5 10 10 11 10 10 5 6 17 17 13 12 11 6 5 13 16 26 25 27 17 36 22 65 77 77 4 4 39 32 
RSSI:7 6 7 7 7 7 9 6 7 8 7 7 7 6 7 6 6 6 7 6 6 7 6 7 7 6 7 6 7 7 7 7 7 7 7 6 7 16 11 8 8 8 6 6 8 8 11 10 10 9 9 11 11 11 14 13 12 9 17 17 15 12 12 5 11 13 19 27 27 4 5 31 17 68 77 77 6 5 32 25 
RSSI:7 8 6 6 13 11 10 7 6 7 6 6 6 6 7 7 6 6 7 6 6 6 6 7 7 6 6 7 6 6 7 8 8 9 9 20 19 17 7 7 6 8 9 10 10 11 12 11 11 10 8 9 12 12 12 12 12 9 10 17 15 12 11 12 5 13 19 27 25 28 5 4 18 61 77 77 73 4 5 27 
RSSI:7 7 7 7 8 7 7 7 7 5 42 38 34 6 13 13 6 6 26 6 6 6 6 6 6 7 13 6 6 7 7 6 6 6 6 7 7 8 8 8 8 6 7 9 8 9 9 9 9 9 7 12 11 11 15 15 16 4 17 18 15 12 19 5 10 13 20 27 28 18 5 13 21 67 77 77 6 4 39 23 
RSSI:7 6 6 7 7 7 8 7 7 6 6 7 7 7 6 6 6 6 6 6 6 6 8 8 6 6 5 6 6 10 10 10 8 8 7 7 7 8 7 7 7 7 6 9 8 9 10 9 10 5 5 10 11 11 11 10 5 8 17 17 15 11 11 5 5 5 4 5 5 4 4 5 5 5 4 4 5 4 5 4 
RSSI:21 32 38 7 7 6 7 6 13 14 12 9 7 6 6 7 6 8 8 7 7 7 6 5 6 6 6 7 6 6 6 6 7 7 7 7 8 8 10 17 13 9 8 9 9 9 9 9 10 10 10 10 12 13 11 11 11 12 17 5 5 12 11 11 12 13 4 26 26 28 36 26 7 4 77 77 74 60 28 5 
RSSI:10 7 7 7 7 7 8 7 8 7 7 31 26 20 26 22 6 6 7 7 6 6 6 6 6 7 12 18 12 15 24 23 24 24 7 6 7 7 7 8 8 7 6 6 9 9 9 9 9 10 6 6 10 11 11 11 10 5 5 16 15 12 12 11 4 14 20 27 26 29 23 9 28 67 75 72 74 5 5 25 
RSSI:6 7 14 8 8 9 7 6 6 6 7 6 8 8 8 6 7 6 7 6 11 34 32 9 10 12 6 6 8 6 8 8 6 7 10 13 11 8 7 9 8 8 10 10 5 8 12 11 11 11 11 10 12 13 14 12 29 29 19 22 21 17 15 9 4 14 22 27 28 27 5 7 30 65 77 72 74 5 8 23 
RSSI:11 8 7 16 6 7 7 6 7 7 6 6 7 6 7 7 7 6 6 6 6 6 6 6 6 8 7 17 18 21 6 8 6 6 6 6 7 7 7 7 7 7 7 9 11 11 13 11 11 9 11 12 14 14 14 12 11 14 17 18 15 12 4 11 13 14 16 27 8 8 36 34 20 67 77 4 5 58 29 31 
RSSI:9 9 16 10 8 8 11 6 9 8 9 6 9 7 6 7 7 7 6 7 9 6 6 6 6 7 9 6 10 6 6 8 6 6 9 7 7 7 7 10 9 7 11 9 8 9 9 9 8 7 10 13 15 14 26 9 8 8 8 8 8 9 8 8 6 4 6 5 5 6 7 5 7 5 5 75 71 59 35 29 
RSSI:9 7 9 15 7 7 11 6 7 6 7 6 6 8 6 6 9 7 7 6 6 8 10 6 7 7 6 9 6 6 7 7 6 6 7 10 9 7 6 7 7 9 8 9 8 8 5 8 8 9 9 9 10 5 6 10 10 10 16 15 6 5 10 11 10 11 17 6 7 26 34 32 23 65 6 75 71 59 29 31 
RSSI:8 7 7 7 11 9 9 10 10 6 7 10 6 7 8 6 9 7 7 6 7 6 9 5 6 9 6 6 7 6 5 6 6 8 8 7 8 7 7 8 7 7 7 8 11 10 8 7 9 9 9 9 10 10 7 10 10 10 15 14 6 5 10 10 10 13 17 4 4 26 33 16 28 61 5 75 72 60 29 24 
RSSI:9 6 11 22 26 26 6 9 8 7 10 7 7 10 7 7 10 6 6 9 6 6 9 6 6 7 6 6 6 6 10 8 8 9 7 7 8 6 7 6 5 8 8 8 10 6 8 9 6 9 11 12 10 10 11 9 8 12 15 19 18 15 8 10 11 10 15 26 18 16 35 31 29 60 75 8 72 59 28 28 
RSSI:6 7 7 7 10 6 7 7 6 6 10 6 7 9 7 6 9 6 6 6 6 7 6 7 15 13 12 7 10 7 7 9 6 5 8 7 10 10 20 20 19 8 9 10 11 12 11 11 11 10 11 12 10 11 12 12 11 14 11 14 13 12 10 11 6 4 14 25 28 27 34 8 5 65 75 72 72 57 8 7 
RSSI:8 7 14 9 8 9 8 7 6 8 7 7 6 28 17 8 6 6 6 6 6 6 6 6 6 7 7 6 6 6 9 7 25 25 24 24 22 7 7 8 9 8 9 10 11 11 11 10 10 9 10 9 10 9 10 9 9 9 5 5 5 5 5 5 8 13 16 26 26 25 4 4 21 63 75 75 72 4 5 29 
RSSI:7 6 7 6 6 6 7 6 7 6 7 6 6 7 7 6 6 6 6 7 6 6 6 6 7 8 8 6 6 7 7 6 7 9 9 8 7 18 12 8 6 8 9 9 10 12 11 11 11 11 9 11 12 12 12 11 10 9 15 16 14 10 10 4 10 13 14 22 27 12 5 25 25 62 75 75 5 4 37 27 
RSSI:21 34 15 6 8 7 7 6 6 11 10 8 7 7 6 7 7 8 7 7 6 7 14 13 12 6 7 6 6 6 7 7 6 6 7 8 9 8 19 16 12 8 8 8 8 8 11 10 10 9 9 9 9 10 6 5 9 10 15 16 13 4 5 10 10 12 18 26 5 4 34 30 24 64 75 5 4 59 33 20 
RSSI:7 7 7 6 7 8 8 8 7 7 8 30 26 19 24 18 12 6 7 6 6 6 6 7 7 7 7 6 8 13 14 9 6 7 6 6 7 7 7 7 8 7 7 6 8 8 9 8 9 8 5 5 9 9 9 9 9 11 13 17 15 11 10 10 7 5 18 23 26 25 32 4 5 64 75 75 72 58 9 8 
RSSI:8 10 10 11 19 12 12 12 7 6 8 7 7 6 6 12 6 6 6 6 6 6 40 40 40 9 11 15 7 7 7 7 7 5 6 6 9 7 7 8 7 6 10 10 9 8 8 8 9 6 7 9 9 9 9 9 10 7 15 14 30 26 11 6 5 12 15 26 27 26 5 5 22 61 75 75 72 5 7 26 
RSSI:24 28 33 36 6 6 7 7 7 7 6 6 7 7 6 7 6 6 6 6 7 6 6 6 7 7 6 6 7 7 6 22 21 18 6 7 7 6 7 7 6 6 7 9 11 11 11 10 9 9 9 9 10 9 9 9 17 14 13 9 11 10 10 9 9 5 5 17 19 23 30 21 5 4 73 72 69 57 32 5 
RSSI:7 8 12 15 17 16 14 6 9 11 7 9 7 8 8 6 6 6 7 6 6 6 6 6 6 6 7 6 6 6 6 6 6 7 6 7 6 6 7 7 6 6 7 7 10 10 8 9 8 8 9 17 23 9 17 14 13 17 17 30 17 16 14 9 9 5 12 19 24 23 33 4 4 62 73 72 69 55 5 5 
RSSI:7 7 16 8 11 8 7 7 7 6 7 7 7 6 6 6 6 6 7 10 12 16 7 6 9 6 6 6 6 7 7 6 6 7 10 15 7 7 7 6 7 6 7 5 6 7 7 8 8 8 8 5 5 8 8 9 8 8 12 5 8 10 9 9 9 9 11 6 22 24 33 30 27 4 8 72 69 56 28 26 
RSSI:26 31 9 30 34 27 29 29 27 26 26 23 18 10 8 5 7 8 7 6 10 6 6 9 9 6 7 6 7 9 5 10 5 7 9 7 6 8 5 6 8 9 7 7 6 10 5 8 8 8 8 9 9 13 9 16 7 10 12 11 5 8 8 8 8 11 14 17 7 24 29 19 20 60 3 7 69 58 29 26 
RSSI:6 7 7 6 9 7 27 27 27 6 8 10 6 7 8 8 7 10 7 7 9 6 6 8 7 7 6 6 9 6 7 8 9 7 7 8 9 7 7 7 5 6 6 6 8 8 7 9 9 7 8 8 8 9 9 9 8 9 13 12 12 10 8 7 9 12 12 15 22 8 22 8 22 63 73 72 4 56 35 23 
RSSI:12 6 9 12 6 12 7 8 7 7 6 6 10 6 6 7 6 6 9 6 14 13 12 6 5 9 10 8 8 8 8 6 6 10 7 9 10 5 6 7 6 8 10 9 9 12 11 10 9 11 9 7 8 10 10 10 10 9 9 9 8 7 7 5 4 5 5 6 5 5 8 8 5 5 5 5 4 4 8 4 
RSSI:10 11 7 11 12 6 5 7 10 11 13 9 7 10 12 32 35 36 33 41 40 39 37 32 36 34 30 27 9 6 5 8 25 25 25 24 21 6 8 4 7 10 7 10 10 12 11 10 11 10 10 10 9 9 10 10 11 12 12 10 11 10 9 8 9 10 4 5 22 23 31 29 20 8 73 72 69 57 31 8 
RSSI:6 10 6 8 7 10 7 7 7 7 7 10 8 6 9 7 5 10 7 6 8 6 6 8 6 7 7 6 7 8 8 11 6 8 7 6 6 9 6 6 7 7 8 9 10 10 12 11 10 10 11 8 7 8 10 11 11 12 9 9 11 10 9 8 9 9 5 21 18 23 30 25 4 4 73 72 69 56 25 10 
RSSI:6 8 7 6 10 36 36 36 7 6 6 10 7 7 10 6 6 8 7 7 14 17 20 20 11 23 22 22 22 22 22 21 20 20 17 6 9 10 8 9 9 7 9 9 7 7 9 9 11 6 6 7 5 9 12 15 15 9 7 6 11 10 8 9 10 8 5 20 21 22 31 29 7 5 72 73 69 55 26 5 
RSSI:11 10 9 7 13 13 11 6 8 13 13 12 7 7 24 19 12 8 8 7 6 5 8 7 6 10 12 18 17 11 12 10 10 14 25 24 6 17 12 6 6 9 7 8 8 10 7 10 8 9 10 8 8 9 8 7 9 10 13 12 10 10 5 6 10 10 11 18 24 4 21 25 21 58 73 21 8 54 29 27 
RSSI:8 8 16 9 10 8 8 10 6 7 4 8 7 7 10 8 6 10 6 6 6 6 30 30 32 11 14 19 9 7 7 6 8 6 6 6 11 8 6 7 7 6 9 7 7 8 5 6 8 8 10 8 9 10 6 6 9 10 12 12 29 26 23 16 11 12 12 4 6 23 32 21 30 62 4 6 8 4 5 6 
RSSI:27 31 28 28 7 11 6 6 10 6 7 10 6 6 10 7 6 7 6 6 8 6 8 7 7 6 6 6 9 6 6 20 20 18 6 9 7 6 7 7 7 6 10 10 11 12 7 25 22 9 10 11 11 10 17 18 17 13 12 10 10 10 7 7 9 7 13 15 4 18 27 24 26 56 44 4 63 51 28 23 
RSSI:19 8 12 18 16 6 11 10 13 12 12 11 7 7 10 7 6 8 6 6 9 9 6 7 6 7 6 7 9 6 9 6 6 8 7 6 7 7 9 9 8 6 9 11 12 11 11 11 10 10 10 8 11 13 30 30 11 12 11 13 12 12 10 8 7 5 13 14 19 20 26 5 5 55 68 69 63 50 8 6 
RSSI:10 9 9 9 12 7 7 7 7 7 5 6 19 7 6 7 6 7 6 6 10 9 7 9 6 6 10 9 16 5 6 5 6 6 6 6 6 6 6 8 6 6 6 6 5 10 8 7 7 7 6 5 6 7 8 9 10 10 9 10 11 7 7 7 7 5 5 14 19 19 26 24 4 5 69 69 63 52 26 5 
RSSI:6 10 6 9 11 7 8 6 9 9 9 8 7 6 8 11 7 7 6 7 6 8 6 6 8 6 6 7 6 7 6 6 9 7 9 10 9 6 9 4 5 7 7 7 7 6 9 7 8 6 6 8 7 35 32 18 18 11 18 18 18 14 10 7 7 8 5 5 18 19 28 26 22 16 69 69 63 50 29 12 
RSSI:6 9 6 7 11 26 26 6 12 6 6 10 5 8 11 7 7 7 6 5 9 6 7 7 6 6 5 6 10 7 6 8 7 8 11 6 6 8 6 5 7 6 7 7 6 7 9 9 10 8 7 10 5 11 10 9 9 12 11 19 19 16 8 8 6 8 6 4 8 5 4 5 5 5 6 5 9 5 5 8 
RSSI:7 10 7 6 8 8 9 7 7 7 7 6 9 7 6 10 6 5 8 6 6 9 6 6 9 7 6 6 8 9 8 6 6 6 6 7 9 7 6 7 10 9 9 8 7 7 8 8 7 7 6 24 28 14 16 21 17 15 29 16 14 12 11 6 7 10 12 12 18 20 5 13 25 57 68 69 39 6 28 21 
RSSI:21 7 7 8 7 6 9 10 8 8 8 7 7 6 8 6 6 6 6 6 6 6 6 7 7 6 9 6 6 6 7 6 25 25 25 24 21 6 6 6 5 6 8 10 11 7 7 7 10 9 9 11 10 11 10 10 10 11 11 11 11 6 5 7 7 8 12 16 15 4 25 28 27 57 68 4 5 53 28 26 
RSSI:7 7 7 6 7 7 6 7 7 7 6 7 6 7 6 6 7 6 6 7 6 6 6 6 6 6 6 7 6 7 14 19 21 6 6 6 6 6 7 7 7 7 7 10 12 12 12 11 10 9 10 7 8 8 8 7 10 10 10 12 10 8 7 6 7 5 12 12 16 20 26 5 5 57 69 68 63 51 4 5 
RSSI:7 7 17 6 7 7 7 36 36 34 6 7 7 6 6 6 6 6 6 7 6 6 6 7 6 6 6 6 6 6 6 6 6 6 7 6 7 6 6 6 6 7 6 6 6 6 7 7 7 7 7 6 15 15 14 7 7 7 10 5 9 19 7 7 7 9 5 4 17 20 26 18 18 5 4 68 63 50 26 22 
RSSI:7 7 17 6 9 8 9 6 6 10 7 6 10 6 7 10 6 9 7 6 7 10 7 7 15 13 12 10 9 10 7 7 7 7 7 6 5 8 7 6 7 6 6 7 7 8 6 7 7 8 7 7 6 6 6 6 9 7 9 10 5 6 8 6 8 9 13 7 5 5 4 5 5 8 4 5 5 5 9 5 
RSSI:22 34 38 42 44 44 44 44 46 46 15 8 8 10 6 8 10 7 7 8 7 6 10 5 6 9 9 6 8 6 6 6 6 6 8 7 10 7 21 18 15 8 6 8 8 6 8 6 9 6 6 9 11 6 7 5 5 8 7 6 7 6 6 6 5 7 9 11 13 14 22 8 7 51 60 59 56 44 4 5 
RSSI:7 7 6 6 7 9 6 10 7 7 11 7 7 22 21 18 16 9 9 6 9 6 5 9 6 6 7 6 7 7 15 15 16 5 6 8 6 6 7 6 6 6 6 7 6 6 6 7 6 6 6 6 5 6 9 5 6 7 5 6 9 6 9 5 6 7 5 7 11 14 21 20 21 4 5 60 57 46 25 19 
RSSI:7 12 12 9 12 10 12 10 12 13 12 10 6 6 11 6 6 10 6 6 6 6 6 10 38 38 35 22 21 22 7 7 13 13 14 6 6 6 9 6 6 7 6 8 11 12 12 11 11 9 9 10 11 10 10 10 9 9 10 23 31 27 24 17 5 5 9 12 13 14 21 6 16 50 60 59 57 46 5 20 
RSSI:23 26 27 6 7 10 6 6 9 7 6 8 6 7 12 7 9 8 7 8 10 7 16 7 8 6 9 6 9 6 21 20 20 6 6 9 8 7 8 7 6 6 7 6 6 8 10 9 8 9 5 6 7 6 6 11 13 13 16 12 11 7 10 7 5 6 9 13 13 13 21 4 20 48 60 59 57 7 6 16 
RSSI:9 10 19 10 16 15 15 10 12 8 9 11 9 7 6 5 6 8 5 6 9 6 6 7 6 9 5 8 8 6 6 6 6 10 6 5 6 9 6 6 7 6 6 6 9 8 7 9 6 6 10 19 11 13 16 16 16 11 11 11 10 9 8 5 4 7 5 5 6 5 5 5 6 7 4 5 7 5 5 4 
RSSI:6 10 6 6 8 7 7 7 7 10 6 7 8 6 7 10 6 6 9 6 15 18 20 6 6 6 6 5 6 6 8 6 9 9 7 7 8 8 7 6 5 9 6 6 6 5 7 7 6 9 7 6 7 6 6 5 5 8 7 7 8 6 5 5 6 6 8 12 13 13 5 15 22 47 59 59 7 7 23 17 
RSSI:9 9 7 7 7 11 6 7 9 9 9 11 7 9 9 6 6 7 6 7 6 6 10 5 6 9 6 7 10 6 6 6 6 6 6 7 8 6 7 8 6 6 8 6 9 8 8 9 6 6 8 7 8 9 10 14 15 14 10 16 7 6 7 8 5 5 8 11 13 13 21 5 8 49 59 59 57 43 4 5 
RSSI:6 7 11 8 6 6 7 6 6 7 7 10 7 7 10 7 6 10 6 5 9 6 6 8 6 6 6 6 8 6 6 9 5 9 8 7 7 6 8 9 7 5 8 7 6 6 6 6 9 6 12 10 8 9 6 7 9 11 11 11 10 8 5 5 5 5 10 10 13 5 20 19 21 51 59 5 5 49 24 14 
RSSI:11 13 7 10 14 9 7 7 10 6 7 11 6 6 8 7 8 11 6 6 7 7 6 6 13 12 13 6 6 9 7 8 10 7 7 9 6 7 7 5 6 6 8 10 12 12 10 10 11 10 10 10 10 11 10 10 10 13 9 10 9 7 6 7 5 6 9 5 13 12 20 21 22 5 4 59 56 45 22 16 
RSSI:11 12 10 6 7 9 7 11 7 7 12 8 7 10 6 7 9 6 7 9 6 6 7 6 8 6 7 9 6 7 10 7 6 9 6 10 9 17 11 7 5 7 9 10 11 13 9 9 10 11 9 6 10 12 11 15 16 6 5 9 9 7 6 6 5 6 4 5 5 5 4 5 3 4 5 6 8 4 5 5 
RSSI:7 8 9 16 11 8 7 7 6 6 7 6 6 6 6 6 6 6 6 6 6 6 6 8 6 7 10 7 10 9 8 7 6 6 6 8 8 8 8 23 22 20 8 11 10 12 10 10 9 10 10 16 10 10 10 6 7 7 6 5 5 4 5 5 6 5 5 5 4 4 5 5 6 21 32 32 29 19 5 5 
RSSI:6 6 18 6 10 8 11 8 8 10 7 6 8 6 7 9 8 9 8 7 6 6 14 14 12 6 6 7 22 24 22 24 24 7 7 6 5 8 7 7 7 6 6 7 6 8 5 6 7 7 5 5 6 9 6 5 9 6 6 6 6 5 5 6 8 5 7 7 4 8 5 5 8 17 6 32 29 18 4 7 
RSSI:6 6 7 18 7 6 6 11 6 6 8 6 6 11 7 6 10 6 6 10 6 7 6 5 7 9 7 6 7 5 16 21 23 7 5 6 7 6 6 6 6 5 6 8 12 6 5 7 7 6 5 8 8 7 10 6 5 6 13 12 12 5 5 7 5 5 7 5 8 5 6 6 5 22 32 32 29 18 4 7 
RSSI:7 9 7 7 8 7 8 6 7 9 42 39 35 11 5 6 10 5 6 9 5 6 10 6 6 9 13 18 21 23 24 7 8 7 7 7 6 6 10 6 6 6 11 12 12 11 12 10 9 11 10 8 10 14 14 14 13 13 14 18 13 7 10 5 5 5 5 5 7 5 5 5 6 24 32 32 7 17 7 6 
RSSI:13 9 17 12 13 11 14 9 9 9 8 11 7 8 9 10 8 7 7 10 12 11 11 10 11 12 12 11 13 10 12 10 7 8 8 11 10 8 6 7 6 6 7 9 11 11 11 10 10 9 10 9 10 9 10 10 9 9 10 10 9 8 7 9 7 5 4 5 6 5 7 9 7 7 6 6 6 6 6 6 
RSSI:6 9 7 7 11 14 14 12 12 11 11 10 8 9 9 7 7 7 7 6 7 6 9 6 7 8 8 7 8 6 19 12 9 23 22 5 6 8 7 7 10 6 10 9 12 13 12 9 8 17 15 16 10 10 10 10 10 11 10 11 16 15 13 6 9 9 5 6 4 5 5 6 9 17 25 8 23 15 6 7 
RSSI:7 5 7 7 7 34 34 32 34 34 6 8 6 6 6 37 6 6 7 9 7 6 6 6 6 7 5 6 6 6 6 6 6 5 6 6 6 5 6 7 5 6 8 10 11 11 11 10 10 6 5 10 10 10 10 10 9 10 9 10 9 20 18 15 5 5 15 13 16 14 12 8 7 17 5 25 22 13 5 6 
RSSI:8 8 6 7 6 8 8 8 16 18 14 12 10 7 6 26 37 29 13 13 5 6 6 6 10 6 6 6 6 8 10 11 7 6 5 6 8 7 6 6 5 6 6 6 5 6 6 7 5 5 5 5 6 22 24 20 25 25 20 20 16 12 10 6 7 4 8 8 15 5 5 5 5 16 24 24 5 3 4 5 
RSSI:6 6 8 41 48 41 29 49 49 16 50 57 56 -6 1 -5 2 0 14 6 6 5 6 18 20 19 6 5 6 6 6 5 6 5 6 5 7 5 8 5 5 9 7 5 6 5 6 6 5 8 9 9 11 5 8 5 9 4 5 7 6 5 5 5 6 7 4 7 4 4 7 5 4 14 23 23 20 10 4 6 
RSSI:6 12 10 9 6 11 11 7 8 10 6 7 9 6 6 9 6 5 9 8 11 11 10 6 8 5 6 8 7 6 5 5 8 5 5 9 5 6 6 6 7 7 7 10 5 5 8 5 6 11 11 15 19 16 18 19 12 11 17 17 8 7 7 5 7 4 4 9 4 5 8 5 9 6 10 6 6 8 8 6 
RSSI:10 10 8 18 9 9 9 9 7 6 7 6 8 7 6 7 6 6 8 5 6 5 11 11 11 6 5 7 6 7 7 5 5 5 5 7 6 5 8 5 5 7 6 8 11 9 9 9 9 10 10 8 10 9 9 8 11 11 11 12 10 9 5 4 4 5 6 4 4 8 5 4 6 4 5 5 4 7 5 6 
RSSI:6 6 27 6 9 9 7 6 8 11 10 9 8 7 8 6 6 8 6 6 6 6 7 6 6 10 5 6 8 6 5 8 5 6 5 5 8 6 6 10 6 5 6 9 12 13 10 6 9 8 7 8 12 15 18 19 20 20 10 9 9 8 6 6 4 6 5 5 7 5 9 5 6 7 5 4 8 4 4 5 
RSSI:9 8 7 6 7 6 7 6 6 20 19 17 7 8 6 5 6 6 7 6 6 10 6 6 9 5 6 8 6 7 7 6 6 6 12 7 6 6 7 5 6 8 11 9 11 5 5 7 6 7 8 6 7 9 9 9 10 6 10 9 7 6 5 5 6 7 5 7 5 6 7 4 4 15 25 25 22 9 5 4 
RSSI:6 12 8 8 9 10 10 11 6 8 6 7 9 7 9 6 6 8 6 9 8 6 7 5 6 9 6 5 7 10 9 10 9 6 10 7 5 9 7 5 9 5 6 8 6 5 8 7 9 5 6 6 5 7 6 20 19 19 19 15 18 6 5 5 8 4 5 5 5 5 5 6 9 4 24 24 21 12 5 8 
RSSI:7 11 5 13 20 19 8 6 11 9 8 10 6 8 10 7 6 8 6 6 9 6 6 8 6 5 6 5 9 6 6 8 7 6 5 5 8 6 5 10 6 5 9 4 11 6 6 6 9 4 6 6 5 7 9 5 8 10 10 24 24 21 11 5 8 6 4 5 5 6 4 4 7 16 5 4 20 11 4 5 
RSSI:6 6 6 8 6 6 6 5 7 7 5 6 6 6 6 7 6 6 9 7 8 9 6 8 9 11 14 6 7 7 6 7 7 8 5 10 6 7 6 7 9 7 6 11 11 10 10 9 5 8 11 9 9 11 8 9 11 8 8 8 6 5 9 4 5 6 4 5 4 4 9 5 5 7 15 20 18 11 5 10 
RSSI:6 6 7 7 6 11 7 7 11 10 8 8 7 9 10 7 5 6 6 6 9 5 6 6 7 8 7 6 9 14 18 6 6 7 18 17 14 11 7 5 7 8 6 8 10 9 7 11 8 8 9 10 16 20 10 8 8 9 10 7 7 6 5 7 6 5 8 4 4 5 5 4 5 15 7 14 21 14 3 4 
RSSI:7 6 11 11 10 5 9 9 6 9 8 6 6 6 5 8 6 8 8 6 5 5 9 5 4 6 10 5 6 7 5 8 8 6 18 20 19 5 5 8 7 9 9 9 11 11 10 9 10 9 10 9 9 14 11 12 11 11 10 11 7 6 6 9 8 10 5 6 10 4 6 12 14 42 51 51 8 18 17 10 
RSSI:9 6 11 6 6 6 6 6 6 5 6 38 34 27 7 5 6 6 6 6 7 7 6 7 6 12 7 13 5 10 6 5 7 6 6 4 7 8 6 6 9 3 7 7 5 9 6 9 12 7 8 15 14 8 10 12 11 8 11 11 6 6 12 12 10 10 10 12 10 6 13 15 19 43 49 11 9 38 17 13 
RSSI:6 6 6 12 6 6 6 6 6 8 9 5 6 8 6 7 6 6 10 6 6 8 6 6 9 6 6 5 6 8 11 11 9 10 7 9 11 10 5 5 5 5 9 6 7 8 7 10 14 4 16 15 9 12 12 11 15 8 8 14 11 4 11 12 5 6 10 6 4 6 11 15 15 43 49 4 4 40 18 9 
RSSI:22 24 7 11 6 6 10 7 12 11 13 7 11 9 9 9 10 8 8 10 7 6 5 6 6 9 5 6 9 7 6 6 8 5 6 8 12 9 10 10 6 6 6 7 6 5 5 8 14 8 16 15 13 9 7 14 14 7 12 11 6 5 7 5 5 9 5 7 11 8 16 9 18 42 55 54 51 4 3 12 
RSSI:6 9 18 6 9 10 10 11 10 10 27 24 21 18 15 5 5 5 5 7 6 7 9 5 5 5 5 10 13 16 5 7 5 6 8 18 11 5 5 5 8 4 15 15 15 10 10 10 11 10 14 14 9 10 10 11 9 9 11 8 7 8 11 12 8 6 8 6 8 7 16 13 15 41 50 7 49 39 19 13 
RSSI:10 6 14 8 10 9 10 9 12 9 9 13 10 7 8 5 5 7 30 32 32 10 9 8 6 5 6 5 5 8 9 10 14 5 6 6 7 7 5 5 5 4 6 9 8 8 10 10 7 9 8 14 13 11 12 14 28 28 28 29 28 25 14 5 5 8 8 6 5 4 11 13 15 43 49 6 15 37 18 12 
RSSI:6 5 7 6 5 10 5 6 5 5 9 5 6 8 6 9 5 5 7 5 6 9 5 6 7 4 6 9 8 10 9 7 5 4 6 9 5 5 6 5 5 4 5 9 8 9 9 10 14 11 15 8 14 16 17 6 14 14 5 5 7 11 12 12 12 7 9 6 7 4 12 12 13 44 49 14 4 38 19 10 
RSSI:7 9 14 21 12 6 8 8 9 5 6 7 5 6 5 5 7 4 5 6 5 5 8 6 10 5 5 7 6 7 9 4 4 6 4 6 6 4 8 5 5 7 6 5 5 5 6 5 6 10 4 6 12 24 26 20 21 21 21 21 9 14 12 6 4 10 9 7 10 4 4 15 14 41 49 51 4 4 7 4 
RSSI:11 5 17 5 9 7 6 6 5 7 8 5 10 4 4 7 8 9 10 5 5 10 4 5 7 5 6 10 4 5 10 5 5 9 5 6 7 5 4 6 4 9 6 5 9 5 10 10 5 6 15 16 8 14 16 7 16 16 9 15 13 8 12 12 6 12 8 5 10 6 11 14 9 40 45 49 43 36 9 5 
RSSI:10 5 11 6 9 9 13 7 8 6 5 10 9 18 4 4 5 8 5 6 8 5 5 4 5 9 5 4 9 5 7 6 5 6 9 9 10 5 8 5 5 5 10 5 5 9 5 5 8 6 10 17 16 13 8 17 16 9 22 11 8 9 15 12 5 10 11 4 6 10 9 10 4 13 43 44 43 32 12 5 
RSSI:8 9 10 12 19 19 17 11 9 9 10 8 6 5 11 11 9 9 5 5 7 5 5 4 5 8 5 5 9 8 6 8 6 8 11 10 9 9 5 5 6 4 7 7 8 11 9 8 9 8 7 10 7 7 10 7 6 16 14 24 22 19 9 5 6 4 6 7 4 8 14 13 15 42 8 4 43 35 15 11 
RSSI:5 9 15 5 10 4 6 10 5 5 10 5 5 6 5 5 9 4 5 7 4 8 5 5 6 5 7 8 9 10 7 7 8 9 5 5 6 6 7 7 6 12 9 8 9 9 8 9 7 8 7 8 13 16 18 19 6 7 7 7 6 7 5 5 5 5 5 5 6 5 5 9 12 34 43 43 4 10 11 9 
RSSI:6 7 6 19 5 5 9 10 10 10 9 8 7 5 5 9 5 6 8 5 5 6 5 6 5 6 7 5 5 5 6 8 4 12 10 8 6 6 6 5 9 6 8 9 8 8 8 8 11 8 10 12 17 22 7 7 5 5 10 6 6 6 8 5 5 4 6 7 6 6 10 5 5 37 43 44 44 32 5 4 
RSSI:8 8 10 20 5 5 8 10 6 10 6 5 9 5 5 8 5 4 5 5 9 5 5 8 5 4 5 10 5 7 12 20 10 11 9 6 19 18 10 6 8 9 6 6 5 8 6 7 9 5 9 8 5 5 15 15 13 9 6 6 6 6 16 20 21 4 9 5 4 10 11 12 15 39 9 4 43 37 15 8 
RSSI:11 5 6 11 16 11 10 6 5 5 45 45 39 7 9 5 9 5 5 10 7 5 5 5 5 10 10 7 5 5 6 6 6 10 8 5 6 7 8 9 7 5 5 5 5 9 5 7 14 12 10 5 6 5 10 11 8 5 8 5 5 4 5 8 9 7 9 6 4 6 12 12 18 43 49 4 46 38 18 9 
RSSI:6 5 8 5 5 10 5 6 9 6 5 9 7 5 5 6 4 5 4 9 5 5 8 4 4 5 5 7 8 5 9 5 13 15 13 7 8 6 5 10 6 6 6 6 6 10 5 6 10 7 7 10 9 7 7 7 8 9 8 8 17 15 4 5 5 5 9 6 10 11 12 12 5 42 49 53 46 38 8 3 
RSSI:9 6 40 43 45 10 5 7 5 5 4 7 7 6 5 9 4 4 7 7 9 9 6 9 5 5 9 5 12 12 10 6 5 5 6 9 7 6 9 6 7 8 8 17 9 8 9 8 8 6 6 8 8 8 7 7 14 7 7 6 17 20 22 