RSSI:4 3 4 4 4 4 4 4 4 4 4 4 4 3 4 3 4 4 4 4 4 5 4 4 4 4 4 4 4 4 4 4 6 9 8 7 4 4 4 3 5 4 4 5 4 4 4 3 4 4 4 4 4 4 4 4 3 4 4 4 4 4 3 3  4 4 4 4 4 17 4 4 4 3 4 4 4 4 4 4 4 5 5 8 7 11 9 13 42 50 50 44 37 15 10 
RSSI:4 3 4 4 3 4 4 4 5 5 5 5 5 6 5 4 4 4 4 4 4 4 4 3 4 4 4 4 4 8 7 7 7 3 4 3 4 4 4 4 4 4 5 4 4 3 4 4 4 4 4 5 22 4 8 26 29 28 28 4 4 4 4 4 4 4 4 5 5 9 11 13 13 42 47 50 44 36 17 8 
RSSI:4 4 4 4 4 4 7 7 8 8 4 4 4 4 4 4 4 4 4 6 6 6 12 12 13 4 4 4 4 4 4 4 4 4 4 4 5 4 4 3 4 4 6 5 4 4 4 4 5 4 4 4 4 4 4 4 4 4 5 4 4 4 4 4 4 3 4 5 5 8 12 12 13 42 47 50 44 38 16 8 
RSSI:4 4 4 5 6 9 9 9 7 4 4 4 12 4 4 4 4 4 4 4 4 4 4 4 4 4 4 4 4 4 4 4 4 4 4 4 4 4 4 3 4 4 5 5 4 4 4 4 10 9 11 12 14 4 4 4 4 4 4 5 4 4 4 3 4 4 4 5 5 7 11 11 18 39 47 49 43 35 16 8 
RSSI:4 4 5 5 6 4 5 5 6 5 6 7 14 11 6 4 4 4 5 4 4 4 4 4 4 4 4 4 3 4 6 6 4 4 4 4 4 4 4 4 4 4 6 4 5 4 4 4 4 4 4 4 4 4 4 6 6 7 7 7 6 4 5 4 4 4 4 4 5 7 11 11 12 39 45 45 43 33 14 6 
RSSI:4 5 5 4 4 4 5 4 5 4 5 4 4 4 4 4 4 4 4 5 4 4 4 4 4 4 4 4 4 5 4 4 4 4 4 4 4 4 5 3 4 5 5 5 4 5 4 6 4 4 4 20 4 5 4 4 4 4 5 5 4 4 4 4 4 4 4 4 5 6 10 10 12 38 43 44 45 34 12 6 
RSSI:4 4 4 4 5 5 6 4 5 5 8 7 6 4 4 4 4 4 4 5 5 4 4 4 4 4 4 5 5 4 5 4 5 4 5 4 4 4 6 5 5 4 5 5 5 4 4 4 5 4 4 4 4 4 4 3 5 4 4 4 5 4 5 5 4 4 4 4 9 6 10 11 12 38 43 44 44 31 12 6 
RSSI:4 6 4 4 4 4 4 5 5 4 5 4 4 5 4 4 5 4 4 5 4 4 4 4 4 28 24 9 5 4 4 4 4 4 4 4 6 2 4 4 4 4 6 4 5 3 4 5 5 4 4 4 4 4 4 5 4 3 4 4 4 4 4 5 4 5 5 5 5 7 12 11 13 43 46 46 42 36 16 7 
RSSI:4 4 4 4 4 4 5 4 4 4 4 4 4 4 4 4 4 4 4 4 4 4 4 4 4 4 5 4 4 3 5 5 4 6 6 4 4 4 4 5 4 6 5 4 5 4 5 3 4 5 4 5 5 4 4 4 4 5 4 5 5 4 4 5 4 4 4 4 7 7 11 14 12 39 44 48 44 34 15 7 
RSSI:4 4 5 4 4 4 4 5 6 4 5 4 5 4 5 5 5 5 5 5 28 28 13 4 4 4 4 4 4 4 4 5 4 4 4 5 16 13 10 4 5 4 4 5 4 4 4 5 5 4 4 5 5 4 4 5 4 6 7 4 4 4 4 4 4 5 4 6 7 6 11 11 14 38 44 44 41 33 13 5 
RSSI:6 5 4 4 4 4 4 4 4 4 4 4 4 4 4 4 4 4 4 4 4 3 4 4 4 4 5 4 5 4 4 4 4 3 4 4 4 4 3 4 4 5 5 4 4 4 4 4 4 4 4 4 4 4 4 4 4 4 4 4 4 4 4 4 4 4 4 5 5 6 11 14 13 41 44 44 43 34 12 5 
RSSI:4 4 4 5 5 5 6 4 4 4 9 7 5 4 13 18 22 3 4 4 4 4 4 7 7 7 6 4 4 4 10 12 13 4 4 5 4 4 4 4 4 5 5 4 4 4 4 4 4 4 4 4 4 6 7 9 8 9 5 5 4 4 4 4 3 4 4 4 5 7 11 12 13 40 46 48 42 35 14 6 
RSSI:4 4 4 4 5 4 4 4 4 4 5 4 5 4 4 4 4 4 4 5 5 4 4 5 5 4 5 4 4 4 7 6 4 5 4 18 16 8 5 5 4 4 5 5 5 4 4 4 7 4 4 5 5 6 6 6 6 7 7 8 6 4 4 4 4 4 4 4 7 8 12 16 18 42 47 50 44 35 17 7 
RSSI:4 4 5 6 6 7 7 6 4 5 6 4 4 4 5 5 4 5 5 6 6 4 4 4 5 5 6 7 4 4 5 4 4 4 5 4 4 4 5 5 4 4 5 5 4 4 4 5 4 4 4 5 4 4 4 5 4 4 5 4 4 4 4 4 4 5 4 5 6 9 12 14 13 44 47 50 45 37 17 9 
RSSI:4 4 4 4 3 4 4 4 4 4 5 4 4 4 4 4 3 5 6 5 5 6 6 5 5 4 4 4 4 4 10 10 7 4 4 4 4 4 4 4 4 4 5 5 5 4 4 4 5 4 4 4 5 4 5 4 4 4 4 4 10 3 5 4 4 4 4 5 6 8 12 12 13 42 47 50 44 36 18 9 
RSSI:4 4 4 4 4 4 5 4 4 4 5 4 4 4 4 4 4 4 4 4 4 4 4 4 4 4 4 4 4 4 4 4 4 4 4 4 5 5 4 4 4 4 5 5 5 4 4 4 4 4 4 4 4 4 4 4 4 5 5 4 4 4 4 4 4 4 4 5 7 8 12 16 13 41 47 50 44 39 17 8 
RSSI:4 4 4 3 4 4 4 4 6 6 6 6 4 27 24 20 9 5 5 4 4 4 4 4 5 6 7 4 4 4 4 4 4 4 5 4 4 3 5 4 5 5 5 4 5 4 4 4 4 4 4 5 5 17 4 4 6 7 7 7 4 4 4 12 6 4 4 7 5 7 13 15 13 41 47 50 44 36 18 9 
RSSI:4 4 4 4 4 4 4 4 5 6 5 4 5 4 4 4 4 4 4 4 4 3 4 4 4 5 7 8 5 4 5 6 5 4 4 4 4 4 4 4 5 4 5 4 4 4 4 4 4 4 5 3 4 5 4 4 4 3 5 4 4 4 4 4 4 19 20 20 7 7 12 14 14 42 47 49 44 36 17 7 
RSSI:4 3 5 4 5 7 19 24 26 32 32 30 3 5 4 4 4 19 17 12 4 4 5 3 4 5 4 4 4 4 4 4 3 5 4 5 4 5 4 4 3 5 4 4 5 4 4 4 4 5 4 4 6 4 4 28 28 28 7 6 5 5 5 4 4 4 4 6 6 8 12 12 13 42 47 49 43 34 16 8 
RSSI:4 4 4 4 5 4 4 4 5 4 4 4 4 5 5 5 5 4 3 5 5 5 5 5 5 5 5 5 5 5 3 4 4 4 4 13 11 8 4 4 4 5 5 5 4 4 4 4 4 4 4 4 4 4 5 4 5 5 4 6 4 4 4 4 5 4 5 4 6 8 11 12 14 44 46 49 44 36 16 9 
RSSI:15 15 21 24 5 5 4 4 4 48 47 44 6 6 6 4 10 10 4 4 4 4 4 5 4 4 4 6 7 7 7 6 6 4 4 4 4 4 4 4 5 4 5 5 6 6 4 5 5 5 5 6 7 8 8 8 8 7 5 5 25 21 18 11 6 6 4 5 6 7 12 14 15 42 50 50 44 35 15 8 
RSSI:4 4 4 4 4 4 4 4 4 4 18 14 11 5 4 4 4 4 4 5 4 3 4 4 4 4 9 12 15 5 4 4 4 4 6 6 6 5 4 4 4 4 6 4 4 4 4 4 4 4 4 4 5 5 4 4 4 3 4 4 4 4 4 4 4 4 5 5 5 8 12 13 17 41 46 49 44 37 14 8 
RSSI:6 31 36 39 19 8 5 5 22 21 8 4 4 4 4 4 4 4 4 4 4 4 4 4 4 4 4 4 4 4 4 5 4 5 5 4 5 4 8 8 9 6 5 4 5 4 4 4 4 4 4 4 22 26 27 27 27 26 9 8 7 16 5 5 4 4 5 9 6 8 11 15 12 41 47 50 44 34 16 9 
RSSI:4 6 8 9 11 3 4 4 5 4 4 4 4 4 3 4 4 4 4 4 4 4 4 4 4 3 4 6 5 5 5 4 4 4 6 4 4 4 4 4 4 4 5 5 5 4 4 5 4 4 4 4 4 4 4 4 4 4 4 4 8 6 5 4 4 4 4 5 10 8 12 12 14 43 50 49 44 36 15 8 
RSSI:6 34 4 5 6 6 7 6 6 4 4 4 4 4 4 4 4 4 4 4 4 4 4 4 4 4 4 4 4 4 5 6 8 8 9 5 4 4 4 4 4 5 4 5 4 4 4 6 7 5 9 4 6 6 8 8 7 9 7 7 6 22 24 23 20 4 15 6 6 7 12 14 14 42 46 49 43 37 16 9 
RSSI:4 4 4 4 6 6 6 4 4 5 5 4 4 5 4 4 4 4 4 4 4 4 4 4 4 4 4 4 13 13 12 4 4 4 5 4 4 4 4 4 4 5 5 4 4 4 4 4 4 4 4 3 4 4 4 5 4 4 4 4 4 4 4 4 4 5 4 5 6 7 12 13 14 40 47 49 43 35 17 8 
RSSI:4 4 4 4 4 4 5 4 4 5 5 5 4 4 3 4 4 4 4 4 4 4 3 4 4 4 4 4 4 7 7 6 6 4 4 4 4 4 4 4 4 4 5 5 4 4 4 4 4 4 4 4 5 4 4 32 30 29 29 4 4 5 4 4 3 4 4 5 6 8 13 12 14 39 47 49 43 36 15 7 
RSSI:3 3 5 4 4 4 7 7 8 8 4 4 4 4 4 4 4 4 4 7 7 7 14 16 18 4 4 4 4 4 4 4 4 4 4 3 5 5 4 4 4 4 5 5 4 4 4 4 4 4 4 4 4 4 4 4 4 4 5 4 4 4 4 4 4 4 4 4 10 8 12 15 14 44 47 49 44 37 15 8 
RSSI:4 4 5 5 6 8 8 9 7 4 5 4 5 4 4 4 4 4 4 4 4 6 4 4 4 4 4 4 3 4 4 4 5 4 4 5 4 4 5 4 4 3 5 5 3 4 6 4 14 16 23 25 15 4 4 4 4 4 4 4 5 5 4 4 5 4 4 5 6 8 12 11 12 41 46 49 44 36 17 8 
RSSI:5 5 5 4 4 4 6 6 5 5 4 5 5 6 6 6 4 4 4 4 5 3 3 4 4 4 4 4 5 4 7 7 6 4 4 4 4 5 4 6 4 4 6 4 4 5 4 5 4 4 4 4 4 4 5 5 4 4 5 4 4 4 4 5 3 4 5 5 6 8 12 12 14 42 46 49 44 35 17 7 
RSSI:4 3 5 5 4 4 20 4 4 5 4 4 4 4 4 4 4 5 4 4 4 4 4 5 4 5 4 3 4 4 4 4 4 5 4 4 5 4 4 5 3 4 6 6 6 4 4 7 4 5 5 4 4 4 4 5 4 3 5 4 4 4 4 4 4 4 5 5 10 8 12 13 16 41 47 49 44 35 17 9 
RSSI:4 4 5 5 5 5 6 6 4 4 8 7 6 4 4 4 4 5 4 5 5 4 4 4 4 4 4 4 4 6 6 6 4 4 4 4 4 4 6 5 5 4 4 4 4 4 4 4 4 4 4 4 4 3 4 5 4 4 5 4 4 4 4 4 4 4 5 5 6 8 13 12 13 40 46 49 44 36 17 8 
RSSI:5 18 4 5 4 4 5 4 4 4 4 4 4 4 4 4 4 4 5 6 5 7 6 4 14 28 24 4 4 5 3 4 5 4 4 4 4 4 5 3 4 4 5 4 5 4 3 4 5 5 4 4 4 4 4 4 6 4 4 5 4 4 5 4 -1 5 4 6 5 7 12 13 16 42 47 46 43 37 15 8 
RSSI:4 4 4 4 7 9 8 9 4 3 5 4 4 4 4 4 4 5 6 6 6 6 5 6 6 6 5 5 5 4 4 4 6 4 5 4 4 4 4 4 5 4 6 6 4 4 5 4 5 4 4 5 5 6 6 7 6 4 4 6 5 5 5 4 4 4 4 6 9 8 11 15 14 41 47 50 44 34 16 7 
RSSI:4 4 4 4 5 6 4 6 6 6 5 5 5 4 5 5 4 4 5 28 27 26 4 3 4 4 4 5 5 4 5 4 5 6 4 14 16 14 7 5 4 4 5 4 5 5 4 4 5 4 4 4 4 5 4 4 6 3 5 4 5 4 4 5 5 4 4 6 5 10 12 12 17 44 47 50 44 36 16 8 
RSSI:5 5 4 4 5 4 4 4 4 5 4 4 5 4 4 4 4 4 4 4 4 4 4 4 4 4 5 4 4 4 4 4 5 3 5 4 4 4 4 5 5 4 6 5 4 4 4 4 4 4 4 4 4 5 4 4 4 4 5 4 4 5 4 5 5 4 4 5 7 8 12 12 14 42 46 50 44 36 16 7 
RSSI:4 4 4 4 5 5 5 5 5 10 8 7 5 7 11 5 4 4 5 4 5 4 7 6 7 7 5 4 3 8 10 10 13 5 5 5 4 3 5 4 5 5 5 5 4 4 5 4 4 5 4 5 4 3 4 4 4 4 4 4 5 4 4 5 4 3 5 4 6 8 11 12 15 43 47 49 43 35 18 7 
RSSI:4 4 5 4 3 5 4 4 4 4 4 4 4 5 4 4 5 4 4 4 4 4 5 5 5 4 5 5 4 4 4 4 4 4 17 16 7 4 3 5 4 4 5 5 4 4 4 5 4 4 5 4 4 4 4 4 4 4 5 5 4 4 4 3 4 4 6 5 6 8 12 11 13 42 46 49 43 34 16 7 
RSSI:5 4 5 5 4 5 5 4 4 4 3 5 4 4 4 4 4 4 5 6 4 4 4 4 4 4 6 3 4 5 5 4 4 5 4 4 3 4 4 4 4 4 5 21 29 5 5 5 5 4 5 4 4 5 4 4 5 4 4 5 4 5 4 4 4 4 4 7 6 7 13 13 13 41 49 49 43 36 16 8 
RSSI:4 4 4 3 4 4 6 4 4 4 6 6 5 4 5 4 4 6 4 4 4 6 5 5 6 10 4 4 13 12 3 4 5 4 4 5 4 5 4 4 5 4 5 6 4 4 5 4 4 4 4 5 4 5 8 8 8 8 6 4 6 5 6 3 4 4 4 6 6 8 12 15 15 42 47 49 44 37 16 7 
RSSI:3 4 4 4 5 5 5 5 4 4 4 4 5 4 4 4 4 4 5 3 5 4 4 4 4 5 4 4 6 7 7 7 4 4 5 4 4 23 17 9 5 5 5 5 5 4 5 4 4 4 4 4 4 5 5 4 4 5 4 4 5 3 4 4 4 6 4 5 6 18 17 16 17 43 46 49 44 36 15 8 
RSSI:5 4 4 4 4 5 5 4 5 3 25 32 32 29 24 19 5 4 4 4 4 8 7 6 6 4 6 5 5 4 4 4 5 4 4 5 4 4 5 4 5 4 5 6 4 3 5 4 5 5 4 4 4 6 7 7 6 5 4 5 26 23 17 4 4 4 4 5 9 9 12 14 13 40 47 50 44 36 15 8 
RSSI:5 4 4 5 5 4 5 4 4 5 4 5 4 4 4 4 4 4 4 5 4 4 6 4 4 5 7 8 8 7 6 5 5 5 4 4 5 4 5 5 4 5 5 4 4 4 5 5 4 4 4 4 5 6 6 8 6 7 5 5 5 4 13 17 20 4 4 6 6 8 14 13 14 43 46 49 44 36 16 10 
RSSI:4 4 4 28 32 30 18 22 4 6 5 4 5 23 11 4 4 4 5 4 4 5 4 4 5 4 5 4 4 5 3 5 6 6 6 5 4 5 6 5 6 5 6 6 5 7 6 4 5 4 4 5 5 8 27 27 28 6 6 5 6 5 3 5 5 4 5 6 7 9 12 13 13 43 46 50 44 35 16 7 
RSSI:5 4 4 5 5 6 5 5 6 4 5 4 4 4 5 4 5 5 5 6 5 4 5 5 5 3 5 5 5 8 5 4 20 19 18 4 4 4 4 4 4 4 6 5 4 5 5 4 4 4 5 5 4 7 5 5 5 4 6 5 4 5 4 4 4 4 4 5 5 8 13 12 17 43 47 50 44 35 17 7 
RSSI:22 11 4 5 5 4 15 40 40 12 8 9 8 6 22 3 4 5 4 4 4 3 4 4 4 5 4 4 4 4 5 4 4 3 4 5 4 4 4 4 5 4 5 5 6 5 4 4 4 4 5 4 5 5 4 5 4 4 5 26 24 20 17 10 4 4 4 6 7 9 14 14 12 41 47 49 44 36 16 7 
RSSI:4 4 5 4 4 5 4 12 13 14 4 4 4 4 5 4 4 5 4 4 5 4 4 4 4 5 9 5 4 4 4 6 5 5 7 6 4 5 3 5 5 5 6 4 4 4 4 4 4 4 6 4 4 5 4 4 4 4 5 4 4 5 4 4 4 4 5 5 6 8 14 12 13 42 47 50 43 36 16 9 
RSSI:25 38 7 8 8 8 4 5 4 4 5 4 4 5 4 4 4 4 5 4 5 4 4 4 4 4 5 4 4 5 4 3 4 4 5 4 4 6 5 4 5 4 5 4 4 5 4 5 6 3 9 18 22 25 26 6 8 7 9 8 7 6 16 9 4 12 15 6 6 8 12 13 13 41 47 50 44 35 17 8 
RSSI:4 7 8 4 4 5 5 5 4 5 4 4 5 4 4 4 4 4 4 4 5 3 4 5 4 4 5 4 5 4 4 5 4 9 8 5 4 5 3 4 4 4 5 5 6 5 4 4 5 4 5 4 4 6 4 4 4 4 4 5 4 5 4 4 5 4 5 5 6 8 12 14 15 44 46 50 44 35 16 8 
RSSI:4 4 26 9 4 6 4 4 4 5 4 4 4 4 4 3 4 5 4 4 5 4 4 4 4 4 4 4 4 4 4 5 5 6 7 7 6 5 4 6 5 4 6 5 5 4 5 6 4 6 5 6 5 7 7 7 5 5 6 4 33 22 24 23 14 3 6 5 6 8 12 15 18 42 47 50 44 36 16 6 
RSSI:5 3 4 5 4 5 5 5 5 5 5 4 5 4 4 4 4 4 4 4 4 4 4 4 4 4 4 13 13 13 3 4 4 4 4 4 4 5 4 4 6 4 5 4 4 5 4 5 5 4 4 4 4 5 5 4 5 5 5 5 5 8 12 4 4 4 4 6 5 8 12 15 14 42 47 49 44 36 16 6 
RSSI:3 5 4 5 4 4 4 5 6 5 6 5 5 4 4 5 4 4 5 4 4 3 4 5 3 3 5 6 7 7 7 5 6 6 5 4 4 5 4 4 5 4 6 4 4 4 4 5 4 4 4 9 22 32 32 30 30 9 26 18 24 5 8 11 5 4 4 4 7 8 12 13 15 44 47 50 44 35 16 8 
RSSI:4 3 4 5 5 5 5 5 4 4 6 5 4 4 4 5 4 6 7 9 8 11 12 4 4 4 4 4 4 3 5 4 4 5 5 6 6 5 6 4 4 6 7 4 6 4 4 5 4 4 4 4 6 4 4 7 6 4 4 5 5 4 4 4 4 3 5 6 7 8 12 13 14 44 47 50 44 35 16 8 
RSSI:4 4 5 5 6 8 6 4 5 6 4 4 4 4 4 4 4 4 4 5 4 4 4 4 5 4 4 5 4 4 5 4 5 3 2 5 4 3 4 4 4 4 5 6 7 6 6 10 11 14 16 18 19 25 5 5 4 5 4 4 5 4 4 4 4 4 5 6 7 8 12 15 14 43 47 50 44 37 17 7 
RSSI:3 4 5 4 5 5 5 5 6 4 5 5 6 5 4 4 4 4 5 4 4 4 4 4 5 4 4 5 5 6 4 4 5 4 4 4 4 5 4 3 6 4 5 5 4 3 4 4 4 5 4 5 4 5 4 4 4 3 17 6 5 5 4 6 4 7 5 6 6 8 12 13 15 44 47 50 44 37 16 7 
RSSI:4 4 4 12 4 4 4 4 4 4 5 4 4 4 4 4 4 4 4 4 4 4 5 4 4 4 19 17 10 4 4 4 4 4 4 4 4 4 4 5 5 5 5 5 5 4 4 4 5 5 4 4 4 4 4 4 4 4 4 4 4 4 4 4 4 4 4 5 6 8 12 13 13 44 47 49 44 36 16 8 
RSSI:4 4 4 4 4 4 4 4 4 4 4 4 4 4 4 4 4 4 4 4 4 4 4 4 3 4 4 4 4 3 4 4 4 4 5 6 6 4 4 5 4 5 5 5 4 4 5 4 4 3 4 4 5 4 4 4 4 4 4 4 3 4 4 4 4 4 5 5 10 8 12 15 14 42 46 49 44 37 17 8 
RSSI:4 4 4 4 4 6 4 4 5 5 5 4 4 4 4 4 4 4 4 5 4 29 28 15 4 4 4 3 4 4 5 5 5 4 4 4 4 14 11 8 5 5 5 4 5 4 4 5 4 4 4 4 3 4 4 4 4 4 5 4 4 4 4 4 4 4 4 5 7 8 12 12 14 43 47 50 44 36 16 8 
RSSI:5 6 5 4 4 4 4 5 4 4 4 4 4 4 4 4 4 4 4 4 4 4 5 4 3 4 4 4 4 5 6 4 4 4 4 4 4 3 4 4 5 5 6 5 4 4 5 4 4 4 3 4 5 4 4 5 4 4 4 4 4 4 4 4 4 4 5 5 6 8 13 14 15 43 47 50 44 36 15 8 
RSSI:4 4 4 4 4 6 6 6 4 4 5 7 6 6 6 16 22 24 4 4 4 4 4 3 6 6 5 5 4 5 4 10 13 14 4 5 4 4 4 4 4 5 6 5 4 4 4 4 4 4 4 4 4 5 5 6 4 4 4 4 4 4 4 4 4 5 4 5 6 8 12 14 14 41 47 49 44 36 15 7 
RSSI:4 4 4 4 4 4 4 5 4 4 4 5 4 5 4 4 4 4 4 4 4 4 4 4 5 5 4 4 4 4 4 4 4 4 4 5 14 12 4 5 4 4 5 5 4 4 4 4 5 4 4 4 5 4 5 5 4 4 5 5 5 4 4 3 4 4 4 6 8 8 12 13 15 43 46 50 44 36 16 7 
RSSI:4 4 4 4 11 11 11 4 4 4 4 3 5 5 4 4 5 4 6 6 5 4 4 3 4 5 6 7 5 4 5 3 4 4 5 5 4 6 5 4 4 5 6 4 5 5 5 5 5 6 3 5 4 4 8 8 4 5 5 4 5 4 5 3 4 5 4 6 6 8 12 15 14 42 47 50 44 36 16 7 
RSSI:4 4 5 4 4 4 4 4 4 4 5 4 4 4 4 4 4 4 4 5 4 6 5 6 5 4 4 5 4 4 11 11 6 5 4 5 4 4 4 4 4 5 4 4 5 4 4 5 4 5 4 4 5 5 5 4 4 4 5 4 4 4 4 5 4 4 6 4 6 8 12 13 17 43 47 47 44 35 16 7 
RSSI:5 5 4 4 4 4 4 4 5 4 4 4 4 4 4 4 5 4 4 4 4 4 4 4 4 4 4 4 4 4 6 7 7 8 3 4 6 3 4 4 4 5 5 5 6 4 4 4 4 6 4 5 5 4 4 4 4 5 4 4 6 4 4 4 4 4 5 4 7 8 12 16 14 42 46 50 45 35 16 6 
RSSI:4 4 5 3 4 5 4 4 6 7 7 6 4 20 17 13 13 6 6 4 4 4 4 4 5 5 6 4 4 4 4 4 4 4 5 4 4 4 4 4 4 5 5 4 4 4 4 4 4 4 5 4 4 5 3 4 7 6 7 7 4 5 4 12 6 4 4 5 6 8 12 12 14 43 47 49 44 36 17 7 
RSSI:4 4 4 4 5 5 6 5 4 4 4 4 5 4 4 5 4 4 5 4 5 4 4 5 4 4 5 4 8 7 7 7 4 3 5 4 4 5 3 4 5 5 4 4 4 5 5 4 6 4 4 4 4 5 4 5 5 4 4 4 4 4 4 4 4 11 20 18 7 8 12 14 15 44 47 50 45 36 16 8 
RSSI:4 6 6 6 6 7 15 24 22 22 30 28 5 4 3 4 4 5 5 4 4 5 4 4 4 4 3 4 4 4 4 3 5 4 4 4 5 4 4 5 5 4 5 6 5 4 4 5 5 5 4 6 6 4 5 4 28 28 28 6 5 4 4 4 5 4 5 5 6 8 12 13 16 41 47 50 44 36 15 7 
RSSI:4 4 5 5 4 5 6 5 6 5 5 5 4 4 5 4 5 5 4 4 4 5 5 4 5 6 7 5 5 5 6 4 5 5 4 4 12 10 6 5 4 4 6 5 4 5 4 4 4 5 6 4 4 6 4 4 4 5 5 5 6 5 3 4 4 4 5 6 5 8 11 12 17 42 50 50 44 37 15 9 
RSSI:22 24 25 24 23 5 5 4 4 4 38 34 29 6 5 5 4 4 5 5 4 4 4 4 4 4 5 4 4 6 6 5 7 6 5 5 4 5 4 4 5 5 5 5 4 6 4 4 5 5 7 4 5 6 5 6 6 5 6 4 4 20 16 4 6 6 4 5 7 8 12 13 13 43 47 50 44 37 15 8 
RSSI:4 4 4 4 5 4 4 4 4 4 4 5 7 5 4 4 4 4 6 4 4 4 4 5 4 4 4 4 3 18 20 19 5 5 3 4 4 5 5 5 5 6 5 5 6 4 4 5 4 5 4 5 6 5 5 5 4 5 4 4 5 8 4 5 4 4 4 5 6 10 12 13 15 43 47 50 44 37 16 8 
RSSI:4 4 4 46 47 47 13 12 6 5 5 4 4 5 4 4 4 4 4 4 4 4 4 4 5 3 5 5 4 4 4 4 5 4 4 5 4 3 5 4 7 8 8 6 4 4 5 4 4 4 5 5 4 4 27 26 26 26 26 9 8 6 5 16 4 4 5 6 10 8 12 16 16 41 47 50 44 35 17 7 
RSSI:4 4 4 10 11 12 4 4 4 5 4 5 4 4 4 4 4 5 17 5 4 4 4 4 3 4 4 5 5 5 6 6 4 4 5 6 4 4 4 4 4 4 6 5 5 6 4 5 5 5 4 4 5 6 6 5 7 5 5 7 6 5 4 4 5 4 4 6 5 10 12 14 13 45 47 50 45 38 16 8 
RSSI:24 25 24 4 5 4 5 5 5 4 4 4 4 4 4 4 4 4 5 5 4 4 5 4 4 4 6 5 5 5 5 4 8 9 9 4 5 4 5 4 4 4 5 4 4 4 5 5 6 6 8 5 5 6 6 7 6 7 11 26 5 31 25 21 16 11 5 5 9 8 12 13 15 43 47 50 44 37 17 8 
RSSI:4 4 5 4 4 5 5 4 5 4 4 4 5 4 4 4 5 4 3 5 4 4 4 4 4 4 4 5 15 14 13 5 4 4 4 4 4 4 5 5 4 4 6 5 6 4 4 4 5 4 5 4 6 6 4 4 8 8 5 4 4 4 4 4 4 4 4 6 6 8 13 13 15 41 47 50 44 36 17 9 
RSSI:4 4 5 4 4 4 5 4 4 6 5 6 4 4 5 4 4 5 4 5 5 3 4 4 4 5 4 4 7 8 8 7 4 3 4 5 4 3 4 4 4 5 6 3 4 4 4 5 5 4 5 18 10 5 26 27 20 18 6 25 30 31 16 4 6 6 4 5 5 10 12 16 15 40 47 50 44 36 16 7 
RSSI:5 5 5 5 7 8 8 8 5 4 4 4 5 4 4 4 4 5 6 6 8 11 13 4 4 4 4 4 5 4 4 4 4 5 5 4 6 5 4 6 4 4 6 5 5 3 4 5 5 5 4 4 4 5 5 4 5 4 5 5 4 4 5 4 4 4 4 5 5 8 11 12 14 42 47 50 44 37 17 8 
RSSI:4 4 5 6 7 8 9 4 4 4 18 4 4 4 5 4 4 5 5 4 4 4 4 4 4 4 4 4 4 4 4 5 4 3 4 4 5 5 3 5 5 4 6 4 6 6 5 9 8 10 14 22 5 5 6 4 4 4 4 5 5 4 5 4 4 5 4 5 6 8 12 13 16 42 47 50 44 37 16 8 
RSSI:4 3 4 4 5 4 5 6 5 5 5 5 6 6 5 4 4 5 4 4 5 5 5 6 4 4 4 4 4 7 7 4 5 4 4 4 4 5 4 4 5 4 5 4 4 5 4 4 6 4 5 5 4 4 4 5 4 4 5 4 4 4 5 4 4 5 4 6 7 10 11 14 12 42 47 50 44 37 17 9 
RSSI:4 4 5 4 16 5 4 4 4 4 3 5 4 4 4 4 5 4 4 4 4 5 4 4 5 4 4 6 10 7 6 4 5 5 4 4 4 4 5 5 5 6 5 5 5 4 5 4 4 6 4 4 4 4 5 5 4 4 4 4 4 4 4 4 4 3 5 5 7 8 13 16 14 43 47 50 44 36 16 8 
RSSI:4 4 6 7 7 8 6 4 5 4 4 6 4 4 4 4 5 4 4 5 4 3 4 4 4 4 4 5 5 5 6 4 4 4 4 5 6 6 6 3 4 5 5 4 4 4 4 4 4 4 4 4 5 4 6 5 3 5 5 4 4 3 4 4 4 5 5 6 7 8 12 15 15 43 47 50 44 35 16 7 
RSSI:4 4 4 4 4 5 4 4 4 4 5 5 4 5 4 4 4 4 4 5 5 4 3 22 22 9 4 4 4 4 5 4 5 6 4 5 6 4 4 8 6 5 4 4 5 4 5 6 5 5 4 4 4 5 5 6 4 4 6 5 4 4 4 5 4 4 5 5 6 10 12 16 16 42 47 50 45 35 17 8 
RSSI:4 4 4 6 6 6 5 4 4 4 4 4 5 4 4 4 4 4 4 4 4 4 4 4 4 4 4 4 5 4 5 5 5 5 5 4 5 4 5 6 3 5 6 5 4 4 4 5 5 6 4 4 5 5 4 4 4 4 15 4 4 5 4 5 5 3 6 6 6 8 12 16 16 42 47 50 44 35 15 7 
RSSI:4 4 4 4 5 6 6 5 5 11 6 4 11 5 5 5 20 22 24 5 4 4 5 4 4 6 6 5 5 4 6 4 4 15 18 18 4 6 4 4 5 5 5 4 4 5 4 4 5 4 5 5 4 4 5 4 3 4 4 6 4 4 5 4 4 4 5 6 6 9 12 16 16 42 47 50 44 37 15 7 
RSSI:4 4 4 4 4 4 4 4 4 4 4 4 5 4 4 5 4 5 4 4 5 3 4 4 4 5 5 4 4 5 4 4 4 4 6 4 5 15 12 9 4 4 5 5 4 4 6 3 4 4 4 5 4 5 5 4 3 4 5 5 4 4 5 4 4 5 4 5 6 8 12 14 14 43 47 50 44 36 17 6 
RSSI:4 4 4 4 5 4 11 11 10 4 4 4 4 4 4 4 5 4 4 6 6 6 6 4 4 4 6 7 8 9 5 4 4 5 4 4 4 5 4 4 4 6 4 5 5 4 4 4 5 5 5 4 4 4 5 5 5 5 5 5 4 4 4 3 4 4 5 5 7 9 12 16 16 45 47 50 44 35 17 8 
RSSI:5 4 4 4 4 3 4 4 5 4 4 4 4 4 3 4 5 4 4 5 5 5 5 5 4 4 4 5 4 4 4 14 15 15 4 4 4 5 4 4 5 4 5 5 5 5 4 4 5 4 4 4 4 4 4 4 6 4 5 5 5 4 5 4 4 4 4 6 6 8 13 15 15 45 47 50 44 38 17 9 
RSSI:4 5 6 9 4 4 4 5 4 4 4 5 4 4 4 4 4 5 6 6 4 4 4 4 4 4 4 4 4 4 4 6 8 8 8 4 4 3 4 4 4 4 6 5 5 6 6 5 4 4 5 4 4 5 18 4 7 4 4 5 5 4 4 4 4 4 4 5 6 8 12 13 15 41 47 50 44 38 17 8 
RSSI:4 4 5 5 5 4 4 4 5 4 4 3 5 4 20 15 9 5 5 5 4 5 4 4 4 6 8 10 7 13 7 5 5 4 5 4 4 5 5 4 4 5 5 4 6 3 4 4 4 5 4 4 5 4 5 4 4 5 6 6 6 4 5 6 6 4 5 6 9 8 12 13 15 43 50 50 44 37 16 8 
RSSI:4 4 4 4 5 6 4 5 5 3 5 4 4 4 4 5 4 4 4 5 4 4 4 4 4 4 4 5 4 4 7 6 8 6 4 5 4 4 5 4 4 4 5 6 5 4 5 4 5 6 7 4 5 4 4 4 4 5 4 5 5 4 4 4 4 4 17 18 18 8 12 13 15 43 47 50 45 37 16 7 
RSSI:5 4 4 5 5 7 4 17 31 34 26 28 28 4 5 4 4 4 5 5 4 4 5 4 5 5 4 4 4 4 4 4 3 5 4 4 4 5 5 5 5 5 4 4 5 5 4 4 4 5 4 5 6 6 4 4 4 28 28 6 5 4 4 5 4 4 4 6 6 8 12 12 12 42 47 50 44 35 16 9 
RSSI:4 6 4 4 5 4 4 5 4 4 4 4 5 4 4 47 4 4 6 5 4 5 4 4 4 5 8 7 5 6 5 4 4 3 5 4 5 9 6 4 5 4 5 5 4 4 4 5 5 4 4 4 5 5 6 4 4 4 5 6 5 9 5 4 4 4 4 4 6 8 12 12 14 41 47 50 44 35 16 8 
RSSI:13 24 25 24 22 20 6 6 7 4 4 35 31 23 5 4 19 9 4 5 4 4 3 5 4 4 4 5 4 4 6 6 6 6 6 4 4 4 5 4 4 5 5 4 5 4 4 4 11 4 7 15 4 6 6 6 6 5 5 5 4 5 3 10 7 4 4 7 6 8 12 15 15 40 47 50 44 37 16 7 
RSSI:4 5 4 4 5 4 4 4 4 4 4 4 8 4 4 4 4 4 5 4 4 4 4 5 4 3 4 5 4 18 19 20 4 4 4 5 6 4 5 5 4 5 5 5 5 4 5 4 4 4 4 5 5 5 6 4 5 5 5 4 4 4 4 4 4 4 10 5 6 8 14 14 16 42 47 50 44 35 16 7 
RSSI:4 3 5 4 48 49 48 12 22 5 5 27 32 14 5 4 4 4 4 5 4 4 5 4 4 4 5 4 4 4 4 4 4 4 4 4 5 4 6 4 8 6 6 4 5 4 4 5 4 4 5 4 5 4 4 6 6 8 6 25 24 20 16 6 4 5 4 6 7 8 12 15 14 43 47 50 44 36 16 10 
RSSI:4 4 5 9 11 12 7 7 7 7 7 6 4 4 5 4 4 5 4 4 4 4 4 4 4 5 4 4 6 5 5 5 4 5 5 4 6 4 4 5 5 5 5 5 6 4 5 5 4 4 4 4 6 6 5 7 5 4 5 4 5 5 6 6 4 4 5 5 5 8 12 14 13 41 47 50 44 35 16 9 
RSSI:4 4 4 5 4 5 6 6 6 5 6 5 5 4 5 4 4 3 4 5 4 4 5 4 5 4 4 5 4 4 5 4 4 4 8 8 7 5 4 6 5 4 5 4 6 4 4 5 4 4 4 4 22 25 26 26 26 8 8 8 8 6 5 21 16 10 15 9 5 8 9 14 13 43 47 50 45 36 17 7 
RSSI:4 4 5 5 4 4 6 4 4 5 4 4 4 5 4 3 4 5 5 4 4 4 4 4 4 5 4 4 5 14 13 12 5 3 4 4 4 4 4 4 6 4 5 4 4 4 5 4 5 5 4 5 3 4 5 4 5 4 4 6 4 4 4 4 4 4 5 6 6 8 12 13 13 41 50 50 44 37 15 7 
RSSI:4 4 4 4 4 3 4 5 4 3 6 5 4 5 4 5 4 5 6 6 6 5 4 5 4 4 5 4 4 4 6 6 5 5 5 3 4 5 5 5 4 4 5 4 4 6 4 4 5 4 4 6 5 5 4 6 33 30 30 31 16 5 4 4 6 4 4 5 7 9 12 14 15 40 47 50 45 33 18 7 
RSSI:5 4 4 5 4 4 8 8 8 8 6 5 4 4 6 4 6 5 5 5 7 6 13 15 16 14 4 5 4 6 5 5 4 4 4 5 4 5 6 4 4 5 5 4 3 4 5 4 4 4 4 4 4 5 5 4 4 5 5 5 5 4 4 4 4 5 4 6 6 8 12 16 15 43 47 50 44 36 16 8 
RSSI:5 4 5 5 5 8 7 8 8 4 5 4 13 4 4 4 4 4 4 5 4 4 4 4 5 4 4 5 3 4 5 4 4 3 4 4 7 5 5 4 4 5 5 4 4 4 6 5 9 20 23 26 28 5 5 4 6 4 5 6 6 6 4 4 4 5 8 6 6 8 12 14 13 41 47 49 44 36 16 9 
RSSI:4 5 4 6 4 4 5 6 6 5 5 4 5 5 5 6 4 4 4 4 4 4 4 5 4 4 5 14 14 14 13 7 11 9 7 6 4 4 4 4 5 5 5 5 4 4 4 4 4 4 4 4 4 4 5 4 4 4 4 5 4 4 4 4 4 4 5 6 6 8 12 14 14 40 47 50 44 37 15 7 
RSSI:4 4 4 5 4 19 4 4 4 4 4 4 4 4 4 4 4 4 4 4 8 10 12 14 4 16 16 16 15 13 13 11 9 7 6 6 4 4 4 5 4 4 5 5 5 4 5 4 4 4 4 4 5 5 4 5 4 3 5 4 4 4 4 4 4 4 4 5 6 8 12 15 14 42 47 49 44 36 17 8 
RSSI:4 4 5 4 4 5 4 6 8 8 5 4 4 4 4 4 4 4 4 4 4 3 4 4 4 4 4 4 4 4 4 4 4 4 4 5 7 5 4 4 4 4 5 5 4 4 4 4 4 4 4 4 5 18 5 4 4 4 5 5 3 4 4 4 4 4 5 5 7 9 12 13 13 42 47 50 44 37 17 8 
RSSI:27 24 4 4 4 4 5 5 5 4 5 5 5 4 5 5 4 5 6 6 7 22 21 22 6 6 6 5 5 5 5 5 4 4 4 4 4 14 11 8 6 4 4 5 4 4 4 4 4 4 4 5 4 4 4 4 4 4 4 5 4 4 5 4 4 4 4 6 6 9 13 12 16 42 47 50 44 37 16 8 
RSSI:4 7 8 8 4 3 5 4 4 4 4 4 4 4 5 4 5 4 4 4 4 4 5 4 4 4 4 4 4 5 5 4 4 5 5 6 5 5 5 4 4 5 5 4 4 5 4 4 4 4 5 4 4 6 5 5 4 4 5 4 4 4 4 4 4 4 5 6 6 8 12 13 13 43 47 50 44 35 17 8 
RSSI:4 4 4 4 6 5 7 6 4 5 5 7 6 5 5 16 22 24 5 4 4 4 4 4 6 6 6 4 4 4 4 5 13 15 18 4 5 6 10 4 4 4 5 4 5 5 4 4 5 4 4 4 4 4 5 5 4 4 4 4 5 5 4 4 4 4 5 5 6 8 12 12 14 43 47 50 45 37 16 7 
RSSI:4 3 5 5 4 4 4 4 5 4 4 5 4 4 4 3 5 4 4 5 4 3 4 4 5 4 4 5 4 3 4 4 4 5 4 6 14 12 6 4 4 4 5 5 5 6 4 4 4 4 5 4 4 4 5 6 6 5 5 5 5 5 3 4 4 4 6 5 5 9 12 13 14 41 47 50 44 36 16 8 
RSSI:5 4 4 5 5 5 6 5 5 5 4 4 4 4 5 3 4 5 5 5 6 5 4 4 5 5 7 8 9 5 5 5 4 4 3 4 5 3 4 5 5 4 4 4 6 4 5 6 4 4 4 4 5 5 4 5 4 4 5 4 4 4 4 5 4 4 6 5 6 9 12 12 15 41 47 50 44 37 16 8 
RSSI:5 4 5 5 4 4 4 4 5 4 4 4 4 4 4 4 4 5 5 7 5 6 6 5 5 6 5 5 6 5 12 11 12 4 3 17 5 5 4 5 3 5 5 6 5 4 5 5 4 4 4 5 4 5 6 7 5 4 4 4 4 5 5 4 4 12 4 5 7 8 15 15 14 41 47 50 44 36 17 8 
RSSI:40 41 41 41 43 45 45 43 44 42 41 41 43 40 40 17 33 24 4 5 5 6 6 5 6 5 7 8 8 7 6 4 5 4 4 4 4 4 5 5 4 4 5 4 5 4 5 4 4 4 4 4 4 5 5 6 7 6 6 6 5 5 6 5 4 5 5 18 17 17 12 13 14 43 47 50 44 38 15 6 
RSSI:40 41 41 40 40 43 26 22 24 23 21 20 12 40 39 38 5 5 6 4 5 5 6 6 5 5 5 4 4 4 4 4 5 4 4 4 5 4 4 4 5 5 5 5 5 4 4 5 5 4 5 5 5 4 4 28 28 28 6 5 6 4 4 4 4 4 4 6 6 9 12 13 15 44 47 50 44 37 16 8 
RSSI:41 44 40 41 43 46 28 23 17 4 17 20 4 4 4 4 4 4 4 6 5 4 4 4 4 4 5 8 8 4 5 5 8 19 17 16 12 11 11 11 4 4 5 5 5 4 4 5 5 4 4 4 5 5 5 6 5 6 4 5 4 4 4 4 4 3 4 5 8 9 12 14 15 42 47 50 45 36 16 8 
RSSI:22 21 26 15 4 41 41 41 42 12 11 9 38 40 39 36 32 5 4 4 5 6 6 5 6 5 6 6 10 4 6 9 13 16 9 11 12 12 12 13 11 8 5 4 4 4 5 4 5 4 4 4 6 25 26 26 26 5 9 9 7 5 4 4 4 4 4 6 7 8 13 13 13 42 47 50 44 37 18 7 
RSSI:4 4 4 4 12 12 12 5 5 4 5 4 4 4 4 35 4 4 4 4 4 4 4 5 4 5 6 4 5 5 5 4 8 3 11 14 14 14 9 4 9 5 5 4 5 5 5 4 4 4 4 4 4 5 6 6 6 4 4 5 5 4 4 4 4 4 5 5 6 8 12 14 13 42 47 50 44 37 17 8 
RSSI:14 4 4 4 4 4 4 4 4 4 4 4 4 4 5 5 4 6 4 5 4 4 4 4 4 7 6 6 6 9 6 7 11 10 11 6 13 12 12 11 6 4 5 5 4 4 5 5 6 6 7 5 6 25 27 8 8 25 21 33 22 17 12 10 6 5 5 5 5 8 12 13 17 42 47 50 44 34 17 8 
RSSI:43 42 41 41 41 23 4 9 4 5 4 5 6 4 5 4 9 5 5 4 5 8 7 6 18 16 16 6 8 9 5 10 8 7 11 11 12 13 5 4 7 6 5 5 4 4 5 5 5 5 4 6 4 4 6 4 4 4 4 4 5 4 6 4 4 5 5 6 7 8 14 15 16 41 47 50 44 37 16 8 
RSSI:4 3 4 4 6 5 8 8 8 7 4 4 4 11 5 5 4 4 4 5 4 5 4 4 4 6 6 9 8 8 5 5 4 4 4 4 4 4 12 4 6 6 5 4 4 4 6 5 5 19 16 16 15 24 21 26 5 5 4 4 5 4 4 4 4 5 5 5 6 9 12 16 19 42 47 50 45 38 16 7 
RSSI:4 5 5 5 3 5 5 6 6 10 6 6 6 5 5 5 6 4 4 5 4 4 4 4 6 6 5 8 7 4 7 11 8 5 10 10 12 12 12 8 4 4 5 5 4 3 5 4 5 4 4 4 4 4 5 4 3 6 4 5 5 4 3 4 4 4 5 6 7 8 12 15 13 42 47 50 46 34 16 7 
RSSI:4 4 5 3 15 5 4 4 5 4 5 4 4 5 4 4 5 4 5 5 4 4 4 4 5 5 6 4 16 11 5 7 13 15 6 15 16 14 11 9 4 6 5 5 5 4 4 5 5 5 5 3 4 5 5 5 5 3 6 4 5 4 4 4 4 4 6 6 6 8 12 15 16 43 47 47 44 36 18 9 
RSSI:5 5 4 4 4 4 4 4 4 4 9 5 4 4 6 4 4 4 5 5 4 4 5 4 4 6 4 5 6 8 4 7 13 15 5 5 5 14 8 5 9 4 5 4 4 5 4 4 6 4 4 4 4 5 4 4 5 4 5 6 4 4 4 4 4 4 4 6 6 8 13 13 14 42 47 50 45 36 16 8 
RSSI:5 6 4 4 5 4 4 4 6 5 5 6 5 3 5 5 5 4 4 4 25 26 26 4 5 5 5 7 7 5 7 6 10 17 18 5 16 15 12 12 9 4 5 5 5 5 4 5 4 4 4 17 4 5 4 5 4 4 6 4 4 5 4 4 4 4 5 5 6 8 11 13 15 43 47 50 44 39 16 8 
RSSI:5 4 4 5 5 5 6 6 5 4 4 5 5 5 5 5 4 5 4 4 4 5 5 4 4 5 5 4 4 4 7 4 8 15 8 4 10 12 12 9 6 5 5 6 5 4 4 5 4 5 4 4 6 7 8 7 7 7 5 5 5 4 5 4 4 5 4 5 6 8 12 13 13 43 47 50 44 37 16 8 
RSSI:6 4 6 5 5 4 4 5 10 10 8 5 5 14 5 37 26 13 5 5 8 7 9 7 7 6 6 7 8 9 10 7 13 4 12 15 16 15 4 8 4 4 5 5 5 5 4 5 6 4 4 4 4 5 4 5 6 4 4 6 4 4 4 4 4 4 4 7 5 8 14 16 15 43 47 50 45 35 16 10 
RSSI:3 4 5 5 4 4 5 5 4 4 5 4 5 5 4 4 4 4 5 4 4 5 5 5 5 5 5 4 6 7 10 14 15 4 11 8 5 12 11 9 5 5 6 5 4 5 4 4 5 4 4 5 4 4 5 5 5 4 5 6 4 4 5 4 4 4 4 6 6 8 12 13 15 44 47 50 44 38 17 8 
RSSI:4 5 41 31 4 44 4 5 33 44 41 41 41 27 5 11 37 7 4 6 6 5 5 4 6 5 5 6 7 4 7 7 13 16 9 6 6 5 11 5 8 6 4 4 4 5 6 4 5 4 4 5 4 4 4 4 5 8 6 7 5 4 5 4 4 4 4 7 17 16 16 15 15 42 47 50 44 37 17 9 
RSSI:5 4 4 4 36 7 7 6 6 6 6 28 29 27 24 20 4 4 4 4 4 4 4 5 5 4 4 7 6 5 10 10 9 6 11 15 12 14 5 4 4 5 4 6 4 5 5 4 4 4 5 4 6 6 5 4 5 28 28 4 6 4 4 6 4 4 5 5 9 8 11 16 17 43 47 50 44 36 17 8 
RSSI:27 13 38 5 36 22 4 41 25 12 5 4 4 4 5 4 4 4 4 4 5 4 4 4 5 4 5 5 6 6 7 10 5 10 10 15 12 10 7 5 4 4 4 4 5 4 4 5 5 4 4 4 4 4 18 6 5 5 5 6 5 5 5 7 8 8 9 8 10 10 12 15 14 43 47 50 44 37 16 8 
RSSI:22 26 28 5 6 6 4 4 40 40 38 23 26 6 5 4 4 4 5 4 4 4 4 4 5 5 4 6 6 7 6 6 8 4 10 18 4 12 8 5 4 4 5 4 7 4 5 5 4 4 5 4 5 6 6 7 7 7 26 25 24 20 16 5 4 4 4 4 8 10 12 14 13 42 47 50 45 37 17 8 
RSSI:16 20 35 4 12 41 26 26 21 14 13 5 4 4 4 4 3 4 5 4 4 6 4 6 5 5 7 7 4 7 5 5 6 6 18 18 5 12 9 4 9 5 5 3 6 4 3 5 4 4 4 4 5 4 5 5 5 4 5 4 5 4 4 5 4 4 5 6 5 8 12 16 18 42 47 50 45 37 17 8 
RSSI:6 6 5 23 4 5 5 6 6 6 6 6 5 4 5 4 6 10 6 5 6 5 6 6 6 8 6 6 6 6 5 8 13 12 9 13 13 14 5 8 6 5 5 4 5 4 5 4 4 8 8 18 22 7 7 6 7 8 9 7 6 7 11 27 10 10 6 4 7 8 12 12 12 41 47 50 44 37 17 8 
RSSI:37 3 25 43 5 22 14 34 4 3 25 5 5 5 5 4 4 4 5 5 5 4 5 5 5 5 5 7 15 15 13 11 13 13 18 18 15 9 5 4 8 5 5 5 3 3 4 5 4 3 5 4 4 4 4 5 4 4 6 5 3 4 4 6 4 4 5 6 6 8 13 15 16 42 47 50 44 37 17 8 
RSSI:5 4 4 4 4 38 38 39 21 25 7 5 5 18 4 24 11 8 6 5 9 8 4 4 9 7 5 9 7 6 9 5 8 14 11 11 12 11 8 11 6 5 5 3 5 4 5 5 5 5 22 26 25 28 31 6 4 4 4 4 4 4 4 5 4 4 5 5 7 9 12 15 14 44 47 50 44 37 17 8 
RSSI:5 5 5 5 4 4 4 6 6 5 6 5 4 5 5 5 6 4 5 6 5 4 5 4 4 5 5 4 5 6 9 6 6 7 5 18 6 8 11 8 4 5 5 4 4 4 4 5 5 4 6 18 5 5 4 4 5 5 4 4 5 4 4 4 5 4 5 6 10 8 12 13 16 42 47 50 46 37 16 8 
RSSI:3 4 4 4 4 44 19 4 4 21 23 39 36 38 18 23 17 6 5 5 5 6 5 5 5 5 5 6 11 8 6 5 6 8 12 4 12 14 9 5 8 5 5 5 5 4 4 5 4 4 4 6 4 4 5 4 4 4 4 4 4 4 6 4 4 4 4 5 6 8 12 11 14 43 47 50 45 36 15 8 
RSSI:4 4 4 5 4 4 4 6 7 8 7 4 4 4 4 4 4 4 4 4 5 4 4 4 4 4 6 4 6 6 6 8 12 9 6 11 6 5 11 8 5 5 5 4 5 4 4 5 4 4 14 4 4 5 4 4 4 4 5 5 4 4 3 4 4 4 6 4 6 8 13 16 18 44 47 50 44 38 17 9 
RSSI:3 23 9 36 29 34 23 5 5 21 40 19 6 45 9 5 5 5 11 28 27 4 5 5 8 5 5 5 5 10 5 4 4 5 4 18 16 13 4 4 5 5 5 5 4 4 4 5 5 4 4 5 3 4 4 4 4 4 4 5 4 4 5 3 4 4 4 6 5 8 12 15 14 41 47 50 45 37 16 8 
RSSI:4 4 4 4 4 4 4 5 4 5 4 4 5 4 4 6 5 4 5 4 4 4 4 5 4 4 5 4 6 5 5 4 5 6 7 6 5 5 14 7 6 4 5 5 4 4 4 4 5 4 4 5 4 5 5 4 4 14 4 4 4 4 5 4 4 6 4 5 6 8 12 14 13 45 47 50 44 36 18 8 
RSSI:19 30 5 5 4 5 5 11 10 10 7 34 30 23 12 4 5 5 5 6 5 5 6 4 6 5 4 8 8 8 8 6 9 10 8 7 6 6 4 5 4 5 5 4 6 3 4 4 5 4 5 4 4 4 5 5 4 5 6 4 4 5 4 4 4 4 6 5 6 8 13 13 15 44 47 47 44 35 16 8 
RSSI:30 22 13 29 43 39 34 27 27 10 22 43 26 3 5 4 13 5 5 4 6 5 6 5 6 8 6 7 10 10 11 6 13 15 18 7 12 12 11 4 4 5 5 4 4 5 4 4 4 4 5 4 4 18 4 4 4 5 4 5 16 4 4 4 4 5 4 6 10 9 12 12 13 41 47 50 44 37 16 8 
RSSI:5 4 5 6 5 23 5 4 4 4 5 5 4 4 5 4 4 5 5 4 4 5 6 5 5 7 6 7 8 8 8 7 8 5 18 14 16 5 3 8 12 8 5 5 4 4 5 4 5 5 4 4 3 25 26 5 4 4 5 25 24 4 4 4 5 20 19 18 8 7 12 14 16 41 47 50 44 38 17 8 
RSSI:18 31 35 39 5 20 18 22 30 32 15 5 27 4 33 5 5 4 5 4 4 5 4 6 7 8 7 6 8 8 4 8 10 12 15 18 17 16 11 15 12 5 5 5 6 4 5 6 4 4 4 12 20 24 4 7 7 5 6 6 4 4 3 13 3 5 4 6 6 8 13 13 14 42 47 50 44 37 16 9 
RSSI:4 4 4 4 5 4 4 4 4 4 5 4 4 4 4 5 4 4 6 4 4 5 4 5 6 7 6 7 5 8 8 4 20 18 17 16 17 17 4 4 4 4 6 4 4 5 4 4 6 4 5 4 4 6 5 5 6 4 5 6 4 4 4 4 4 4 4 7 10 8 12 13 15 42 47 50 44 35 16 8 
RSSI:4 4 19 4 4 41 41 40 12 12 5 5 43 37 21 5 5 5 6 6 8 5 5 4 10 4 4 6 4 3 5 4 5 5 4 4 4 4 4 4 4 7 8 6 6 4 5 5 5 5 5 4 5 5 4 26 26 26 26 22 8 7 5 4 4 5 4 5 8 8 12 17 11 42 47 50 44 36 17 8 
RSSI:4 4 5 5 4 15 16 16 5 5 5 4 4 4 4 4 4 5 4 4 4 4 4 3 4 6 13 17 18 19 17 11 15 17 18 18 16 13 10 9 6 4 5 5 4 4 3 6 4 4 4 4 4 5 5 6 4 4 5 4 4 3 4 4 4 4 6 6 5 10 13 15 13 44 47 50 45 37 16 8 
RSSI:5 41 30 30 24 17 4 14 4 5 4 40 28 23 4 40 6 4 6 7 10 12 13 17 18 15 6 18 19 19 20 9 5 4 17 14 11 9 5 4 4 4 5 6 4 4 5 5 4 5 4 5 4 5 5 5 33 28 26 24 11 5 4 4 4 5 4 5 6 9 12 15 16 41 47 50 44 36 16 7 
RSSI:4 3 4 4 4 4 8 8 8 8 5 4 32 21 26 4 10 5 5 5 6 11 14 16 5 6 4 4 4 4 10 6 13 13 5 5 6 4 4 13 4 4 6 4 4 4 5 5 4 4 5 4 4 5 5 4 5 4 5 5 16 5 5 4 5 5 4 6 7 8 12 12 13 44 47 51 44 38 17 8 
RSSI:4 5 4 5 7 7 8 41 4 4 4 11 34 11 26 4 4 5 4 4 4 4 4 4 4 6 5 7 5 5 4 4 4 4 3 4 5 11 8 5 6 6 6 6 4 4 5 6 5 11 22 5 4 4 4 4 5 4 4 5 4 4 4 4 4 4 5 6 8 8 12 15 15 41 47 50 44 35 16 8 
RSSI:4 4 4 5 5 4 20 14 16 4 44 33 7 4 5 4 4 4 4 4 5 4 5 6 5 6 6 6 7 7 7 9 6 5 14 15 17 17 6 5 5 8 6 4 5 4 5 6 4 4 4 4 5 4 4 4 4 5 5 4 5 4 4 5 4 4 5 5 6 8 12 13 13 43 47 49 44 37 16 8 
RSSI:4 18 4 4 4 5 5 5 4 5 5 5 4 4 5 4 4 4 4 4 3 4 5 4 25 22 18 4 4 5 4 11 6 4 5 5 4 3 4 4 5 5 5 5 4 5 5 4 4 4 4 5 4 4 6 4 4 5 4 4 4 4 5 4 3 5 4 4 10 8 12 13 14 43 47 50 45 36 16 8 
RSSI:17 4 4 4 9 8 8 4 5 43 33 29 5 4 4 5 4 4 5 4 4 4 8 5 8 6 6 4 5 4 5 5 6 4 5 4 4 5 4 4 3 5 5 5 4 4 3 4 5 4 4 4 4 4 4 4 5 4 5 6 4 4 4 4 4 4 4 6 6 9 14 15 14 42 51 50 44 38 16 8 
RSSI:3 4 4 4 4 5 5 4 5 6 4 5 5 5 5 6 4 21 24 25 4 4 4 4 4 3 5 5 4 4 4 4 4 4 18 17 15 7 4 5 4 5 6 4 4 3 4 5 5 4 5 12 4 6 7 4 5 4 4 4 4 5 4 4 5 5 4 6 6 9 12 15 15 44 47 50 44 36 16 7 
RSSI:4 5 4 13 7 38 5 6 6 6 5 5 5 5 4 4 4 4 5 4 4 4 3 4 8 5 4 4 4 5 4 4 5 4 4 4 4 12 11 8 5 5 5 4 5 3 4 4 3 4 5 4 5 4 4 5 4 4 5 5 6 5 4 4 4 4 5 5 5 8 12 14 16 42 50 50 44 37 16 7 
RSSI:4 4 4 4 4 5 10 11 10 4 4 4 5 4 5 5 4 4 5 7 6 7 5 7 5 5 6 6 8 8 4 7 6 6 6 6 17 5 4 6 5 4 6 6 4 4 4 4 6 4 4 4 4 4 6 6 6 6 6 6 4 4 5 4 5 4 4 6 5 8 12 17 18 43 51 50 44 37 16 8 
RSSI:4 4 4 4 4 4 4 6 21 35 4 4 4 5 4 3 5 5 5 5 6 5 5 6 5 4 4 7 8 4 11 11 10 16 12 4 4 9 4 12 9 4 5 6 4 3 5 4 4 4 4 4 4 4 5 4 4 5 5 4 5 4 4 4 4 5 4 5 7 8 12 14 12 43 47 50 45 38 16 8 
RSSI:4 3 4 4 4 5 5 33 23 4 4 5 4 3 4 4 4 4 6 7 5 4 5 5 5 5 6 6 7 8 7 7 8 16 16 12 16 13 9 9 10 5 6 4 5 4 4 4 4 4 3 4 5 4 4 5 4 4 4 4 4 4 4 5 4 4 5 5 6 17 17 18 16 42 47 50 46 37 16 10 
RSSI:5 4 7 4 4 4 5 4 5 4 32 28 28 24 20 13 15 6 4 6 4 4 4 6 4 7 5 4 4 4 4 4 4 4 12 15 8 4 4 16 6 3 6 5 5 5 15 4 4 4 4 5 5 6 6 4 4 5 28 27 26 8 4 4 5 4 4 5 6 8 12 14 14 42 47 50 44 38 16 8 
RSSI:3 40 6 6 5 5 6 39 20 37 5 5 17 37 5 4 4 6 4 4 4 6 5 5 4 6 5 7 6 7 4 5 14 7 8 8 4 10 6 6 5 5 5 5 4 4 4 5 5 4 4 5 4 5 5 4 5 4 7 6 5 8 5 4 4 4 4 5 5 9 12 16 17 41 47 50 44 36 17 8 
RSSI:17 18 20 28 30 6 6 7 5 4 38 34 30 7 12 21 20 5 4 4 5 4 4 4 3 7 8 4 7 7 6 6 6 6 15 8 16 17 4 4 4 4 5 5 4 4 4 4 5 4 4 5 5 5 7 6 6 4 5 5 4 4 5 4 4 6 5 5 9 9 7 16 12 44 47 50 45 37 16 8 
RSSI:4 4 4 4 39 20 4 4 5 4 4 14 11 6 5 10 26 4 4 4 4 4 4 6 7 6 6 12 14 18 6 4 4 4 7 7 6 5 4 12 9 4 5 6 6 4 3 5 5 4 5 4 6 4 5 6 4 4 5 4 5 4 4 5 4 4 6 5 6 8 12 13 15 42 47 50 44 35 16 8 
RSSI:4 38 46 45 23 14 8 7 5 4 4 4 5 5 4 4 4 4 5 4 5 4 5 4 5 5 6 5 6 8 8 6 4 4 4 5 8 5 5 5 5 6 5 5 5 4 5 4 4 5 4 4 22 25 26 26 14 8 10 9 5 6 6 4 3 5 4 9 6 9 12 15 16 42 47 50 45 37 17 8 
RSSI:4 6 9 12 15 44 6 5 5 5 4 5 4 4 5 4 4 4 4 5 4 6 9 6 4 7 5 5 5 6 6 11 13 13 7 16 6 17 5 4 4 5 5 5 4 4 5 4 4 5 4 4 4 4 5 5 4 8 5 4 4 4 5 4 3 5 5 4 7 8 11 15 13 41 47 50 44 37 16 8 
RSSI:4 4 5 5 5 11 16 4 4 4 4 10 40 30 4 4 16 10 4 6 4 6 4 5 6 6 7 7 8 7 10 5 11 15 14 17 4 17 16 4 11 6 5 5 5 4 4 4 4 5 5 5 7 6 6 26 32 32 18 22 24 20 11 10 6 5 4 5 9 9 12 12 18 43 47 50 44 37 17 8 
RSSI:12 4 5 4 4 4 8 8 8 8 4 4 4 4 4 4 5 4 5 7 8 8 13 14 16 7 7 8 7 8 9 6 8 7 15 16 4 6 16 4 11 7 6 5 4 4 4 5 5 4 4 5 4 5 4 5 5 6 6 12 4 3 4 5 4 5 4 6 10 8 12 15 14 45 47 50 44 36 16 8 
RSSI:3 4 5 5 7 8 8 6 7 5 19 6 4 4 4 4 4 4 4 5 5 4 6 4 8 6 5 4 7 4 4 6 6 6 6 6 7 4 4 5 4 3 6 4 7 6 5 8 13 20 8 14 4 24 33 9 4 5 5 4 5 4 4 6 4 5 6 7 9 8 12 15 14 45 47 47 45 34 17 9 
RSSI:4 5 5 5 5 6 5 5 6 6 6 6 5 5 4 4 5 4 5 5 4 4 5 4 4 3 4 4 6 6 6 4 4 5 4 4 4 4 4 4 3 5 5 5 5 3 4 4 4 5 4 4 5 4 4 5 3 4 4 4 5 4 4 5 4 4 4 6 6 9 12 14 15 44 47 50 44 37 15 8 
RSSI:15 3 4 38 33 20 43 22 10 4 4 6 4 32 13 35 4 5 5 7 4 4 4 4 4 27 24 21 4 5 12 5 9 10 12 14 15 14 5 12 5 5 6 5 5 3 4 4 5 6 4 4 5 4 4 6 6 4 5 4 4 4 4 5 4 4 5 5 6 8 12 14 15 41 47 50 44 37 16 8 
RSSI:4 4 5 8 7 5 4 4 4 4 5 4 4 4 4 4 4 4 4 4 4 4 4 4 4 4 4 4 5 9 4 7 4 4 11 12 12 6 4 4 4 4 5 5 4 4 4 5 4 4 4 4 4 5 4 4 4 4 5 4 4 4 4 4 4 4 4 6 10 8 12 16 15 44 47 50 44 35 15 7 
RSSI:18 18 39 29 41 39 6 33 32 4 21 7 6 5 29 11 16 4 5 4 4 4 4 5 6 6 6 7 4 6 6 11 13 15 11 18 4 11 12 8 5 7 4 5 5 4 4 4 4 4 4 4 4 4 4 4 4 5 4 4 4 4 6 4 4 4 4 5 6 9 12 15 14 43 50 50 44 36 16 8 
RSSI:4 4 4 4 4 5 5 4 4 4 4 4 4 4 4 4 4 5 4 4 4 4 4 5 5 4 4 4 4 4 4 4 4 4 13 14 5 4 4 4 4 4 6 5 4 4 4 4 4 4 4 4 4 4 5 4 5 4 5 5 4 4 4 16 4 4 5 5 6 8 12 13 13 44 47 50 44 34 15 7 
RSSI:4 3 4 15 10 11 4 4 4 36 4 34 18 19 35 18 4 5 5 4 4 4 5 5 5 5 6 5 5 6 5 5 11 5 6 16 16 4 5 4 5 5 5 6 5 6 4 4 4 4 4 5 4 4 4 4 4 4 5 5 4 4 4 4 4 4 5 5 6 8 12 14 16 42 47 50 44 35 16 8 
RSSI:4 4 4 4 4 4 4 4 5 5 5 4 5 4 24 19 13 6 4 5 4 4 4 4 4 4 6 6 4 4 4 4 5 4 18 4 4 4 4 4 4 4 5 5 4 4 4 4 5 5 4 4 4 5 4 5 4 5 5 6 6 4 4 12 6 4 5 6 6 9 12 12 17 43 47 51 44 36 17 7 
RSSI:41 21 22 26 4 4 4 6 5 5 4 4 4 5 4 4 4 4 5 4 4 5 4 5 5 5 6 8 7 5 10 4 12 5 15 4 17 5 12 15 12 6 5 5 5 4 5 5 4 5 5 4 4 4 5 4 4 6 4 4 5 4 5 17 19 20 4 6 6 10 12 15 17 42 47 50 44 36 16 8 
RSSI:4 5 4 4 31 28 26 22 24 6 6 6 5 5 11 4 6 6 6 4 5 4 3 5 4 4 5 4 5 5 4 5 4 3 6 6 5 4 4 5 4 4 6 4 5 5 4 5 5 4 5 4 4 24 26 27 7 6 6 6 6 4 4 4 4 4 4 5 7 8 12 13 15 44 47 50 44 36 16 9 
RSSI:4 4 4 4 4 4 4 5 5 4 5 4 4 5 4 5 4 5 5 4 5 4 4 4 5 4 4 5 4 4 10 4 4 20 18 15 8 5 4 5 5 4 5 5 4 5 4 5 5 5 5 4 7 6 5 5 6 6 9 5 4 4 4 4 6 4 4 5 6 8 12 16 14 42 47 50 44 35 16 8 
RSSI:19 26 28 5 5 5 4 40 40 40 9 8 6 5 4 4 4 6 4 4 4 4 4 4 4 5 5 6 6 7 7 6 4 4 4 4 17 8 4 4 4 4 6 4 6 6 5 5 5 5 4 6 4 5 5 6 5 4 26 25 15 20 16 6 4 4 9 5 5 8 13 14 17 42 47 50 44 37 16 8 
RSSI:4 4 4 5 4 4 5 6 13 13 8 4 5 4 6 5 4 4 4 5 4 4 4 4 4 4 9 12 15 4 5 5 6 6 6 7 8 4 9 4 5 8 5 5 4 4 4 4 5 4 5 4 4 4 5 5 5 6 5 5 5 4 4 4 4 5 5 5 7 8 12 16 17 41 47 50 44 36 16 8 
RSSI:19 31 17 27 25 24 4 4 4 4 5 4 4 4 3 4 4 4 5 4 4 4 3 5 4 4 5 4 4 6 4 5 5 4 5 4 6 8 9 5 5 5 5 6 4 4 4 4 5 4 4 5 4 4 26 26 26 8 8 8 7 6 5 10 6 12 10 7 6 9 14 16 14 42 47 50 46 35 16 9 
RSSI:4 7 4 4 5 6 6 5 4 5 6 5 7 5 4 5 4 5 6 5 5 5 5 4 5 5 6 4 4 6 6 4 11 16 18 4 5 4 3 5 4 4 6 6 5 4 4 5 5 4 4 4 6 4 4 4 4 4 6 4 5 4 4 4 4 4 6 6 7 8 13 13 15 43 47 50 44 35 17 8 
RSSI:4 4 4 5 4 3 5 4 4 4 42 18 27 38 3 4 4 4 5 5 4 4 5 5 7 4 4 5 4 5 5 7 7 7 6 5 4 4 6 4 4 4 5 4 5 4 5 4 4 5 4 5 5 5 26 5 5 32 28 30 30 4 5 4 4 4 4 6 6 10 12 13 14 42 47 50 44 36 16 7 
RSSI:4 4 4 5 4 4 4 8 8 8 8 4 4 5 4 4 4 4 4 4 4 6 4 16 18 17 13 4 4 4 5 5 4 4 5 4 5 4 4 4 4 5 6 5 5 4 3 4 5 4 4 4 4 6 5 4 4 4 17 5 4 4 5 5 4 4 5 5 6 9 13 14 15 42 47 50 45 37 16 8 
RSSI:4 4 4 4 6 5 8 8 9 7 9 9 11 11 4 4 4 3 4 4 7 8 5 4 5 5 5 4 5 5 4 4 5 4 5 4 5 4 5 4 4 4 5 4 4 4 5 6 5 16 22 25 26 26 5 4 5 4 5 5 4 4 5 4 4 4 3 6 6 7 13 14 13 42 47 50 44 36 16 9 
RSSI:4 5 5 6 6 5 6 6 4 4 5 4 4 5 5 6 4 5 5 4 4 4 4 6 4 4 5 6 4 4 4 6 6 4 5 3 4 5 4 5 5 4 5 4 4 5 4 4 5 4 4 4 4 4 5 5 5 4 8 9 5 4 5 4 4 4 5 6 6 7 12 14 14 42 47 50 45 34 17 8 
RSSI:18 5 40 4 17 41 12 22 17 36 35 40 38 39 16 26 4 4 5 4 6 6 6 5 5 4 14 21 15 6 4 5 4 4 3 4 5 4 5 5 5 4 5 5 4 3 4 5 4 4 5 4 4 5 4 5 4 4 5 4 4 5 4 4 6 4 5 5 6 8 11 12 14 41 47 50 45 37 15 9 
RSSI:4 4 4 4 5 4 6 5 5 5 4 4 5 4 4 4 4 5 4 4 5 4 4 4 4 4 5 4 5 4 4 5 4 8 4 5 7 4 5 6 4 5 5 5 5 4 4 5 4 5 4 4 4 5 4 5 4 4 6 4 4 5 4 3 5 4 5 5 6 9 12 12 15 42 47 50 44 36 18 8 
RSSI:32 5 4 22 13 25 4 12 19 5 13 19 16 6 5 5 4 4 27 29 27 4 5 4 4 8 6 8 6 4 5 5 4 5 4 18 15 14 4 4 5 4 5 5 4 4 4 4 7 4 3 4 4 4 5 4 4 5 4 5 4 3 6 4 4 4 4 5 6 8 14 16 14 43 47 50 45 37 16 7 
RSSI:6 4 4 4 4 6 7 8 7 7 6 4 5 4 4 20 5 4 4 4 4 4 4 4 5 4 4 5 3 4 4 3 4 4 3 4 5 3 8 6 5 4 5 5 5 5 6 4 4 4 4 4 4 5 5 4 4 5 4 4 4 4 5 4 4 4 5 5 7 8 12 13 14 42 47 50 44 37 16 7 
RSSI:5 4 5 4 5 5 4 4 11 10 9 5 5 6 5 4 4 4 4 4 4 6 6 6 6 4 4 5 7 9 10 10 13 5 6 4 5 5 4 5 6 3 4 4 5 5 3 4 5 5 4 5 5 4 4 5 5 4 5 5 5 4 4 4 5 4 4 6 6 8 12 12 13 44 47 50 45 37 18 8 
RSSI:4 5 4 4 5 4 4 4 4 4 4 4 4 4 5 5 4 4 4 5 6 6 5 6 4 4 4 4 4 4 3 4 11 12 13 4 4 4 4 4 4 5 4 4 4 5 5 4 4 5 3 4 5 5 4 4 4 5 5 4 6 4 4 4 4 5 5 6 8 9 12 16 14 41 47 50 44 37 16 9 
RSSI:5 5 7 9 6 6 5 5 5 4 5 5 4 4 4 4 5 5 4 5 5 5 4 5 5 5 5 6 4 4 5 7 13 14 4 7 7 5 4 5 4 5 6 5 4 5 4 4 4 5 5 4 4 6 5 4 5 4 5 5 4 5 4 4 6 4 4 6 7 9 13 16 14 42 47 50 44 35 17 8 
RSSI:4 4 4 5 4 4 6 4 4 4 8 6 5 4 4 15 9 5 6 5 5 4 4 4 4 5 8 9 12 4 5 5 5 4 4 5 5 4 4 4 5 3 5 6 4 5 4 4 5 4 4 5 4 5 4 4 5 4 6 6 5 4 6 4 3 5 4 7 6 9 13 15 19 41 47 51 44 36 17 9 
RSSI:4 4 5 4 4 5 4 4 24 4 4 4 3 4 4 3 5 4 4 4 4 4 4 4 5 5 4 4 5 7 6 6 8 4 4 5 5 4 5 4 4 4 5 5 5 3 5 5 4 4 12 5 5 4 4 5 4 4 5 4 5 3 4 4 4 4 5 18 17 17 14 15 15 41 48 50 45 37 15 7 
RSSI:5 5 5 5 7 6 5 4 32 34 34 32 31 3 5 3 3 5 5 4 5 4 5 4 4 4 4 6 6 4 4 4 4 3 4 4 5 6 3 5 4 4 5 4 4 4 4 6 4 4 5 4 4 5 4 5 6 28 28 28 4 5 6 3 4 4 4 5 6 8 12 12 13 43 47 51 44 36 17 11 
RSSI:3 4 5 4 5 5 5 6 4 4 5 4 4 5 4 4 5 5 5 4 4 4 4 4 5 5 6 8 7 5 6 10 13 16 16 13 11 9 6 5 6 5 5 5 4 4 5 6 6 5 5 5 4 5 5 4 4 5 5 6 5 4 5 4 3 4 4 6 7 8 12 16 13 42 47 51 44 38 16 8 
RSSI:23 26 17 22 26 5 6 13 4 25 39 35 7 5 5 4 4 5 4 5 4 5 4 7 5 8 5 6 7 6 8 6 6 6 11 14 14 13 10 8 6 5 6 4 4 4 5 4 5 6 4 4 5 5 5 6 4 4 4 5 5 5 4 5 4 5 5 6 6 9 12 15 16 42 47 51 44 38 16 8 
RSSI:4 4 4 4 4 4 4 4 4 4 8 10 8 5 5 5 4 4 5 6 5 5 6 5 5 5 8 12 16 18 6 5 4 4 7 7 6 6 6 4 6 4 4 5 4 5 4 4 5 4 4 5 5 4 4 5 5 4 5 6 5 5 4 4 5 4 4 6 7 9 12 16 14 42 48 50 45 35 17 8 
RSSI:4 12 36 39 23 13 8 7 7 32 13 19 4 5 35 23 30 4 5 5 5 4 5 4 4 4 4 5 4 3 4 4 4 5 4 4 4 4 6 7 8 4 4 5 5 4 4 5 4 4 4 17 22 24 26 26 8 8 9 7 8 6 4 4 4 4 15 8 6 8 12 14 15 44 47 51 44 38 18 9 
RSSI:4 6 9 10 7 7 7 6 7 5 5 5 4 4 4 4 4 4 5 4 4 3 5 4 4 5 4 5 5 5 5 8 13 9 8 6 6 5 5 5 4 4 5 5 6 5 4 4 4 5 5 4 4 4 18 5 5 3 3 5 4 4 5 4 4 4 5 6 6 8 12 15 15 42 48 51 44 37 17 8 
RSSI:4 18 10 25 5 4 4 4 5 4 4 4 5 5 4 4 5 4 4 4 4 4 4 4 5 4 4 4 4 4 6 6 7 11 5 4 4 4 6 4 4 6 5 4 6 5 4 6 5 6 4 5 7 6 7 7 6 7 7 34 34 24 24 23 5 5 4 5 6 8 12 15 13 45 48 51 45 37 17 8 
RSSI:4 4 4 5 5 4 4 4 4 4 5 5 4 4 4 4 4 4 5 4 4 5 5 6 5 4 14 14 14 4 4 5 5 4 5 4 5 4 4 6 3 5 5 4 4 4 4 5 4 4 5 4 5 5 4 4 4 4 5 4 4 5 4 4 5 4 6 5 7 9 12 12 13 42 48 51 44 36 18 8 
RSSI:21 17 16 23 27 28 5 6 8 8 6 5 4 4 4 5 3 4 4 4 4 4 4 4 4 4 4 5 6 4 4 4 4 5 5 4 4 5 5 7 4 4 5 4 6 3 4 4 6 6 9 26 28 30 32 8 26 5 4 4 5 4 4 4 3 4 4 5 7 8 13 16 17 45 47 51 45 36 17 8 
RSSI:4 4 5 5 5 5 4 4 6 6 4 4 4 4 4 5 6 6 5 6 8 4 4 5 5 4 4 5 4 4 8 4 6 6 6 5 4 12 10 11 4 5 5 5 4 5 3 5 5 4 4 4 5 5 5 4 4 4 8 8 5 5 4 4 8 7 5 6 6 8 12 14 18 43 48 51 45 37 16 8 
RSSI:3 5 5 6 6 5 4 8 4 5 4 4 5 4 28 5 4 4 5 4 4 4 4 5 4 4 6 4 4 4 4 5 4 4 5 4 4 5 4 4 4 5 6 5 4 6 5 4 7 10 5 5 5 6 6 6 5 5 6 6 6 4 6 8 4 5 5 5 6 9 13 12 18 41 48 51 44 37 17 8 
RSSI:4 4 4 4 4 4 4 4 6 5 6 6 5 4 5 5 5 5 5 5 4 4 5 4 3 4 4 5 6 4 4 4 4 4 4 4 4 4 4 6 5 5 5 5 4 4 4 4 4 4 4 4 4 4 4 4 4 4 5 5 4 4 4 4 4 6 5 5 6 8 12 15 15 44 51 51 44 38 17 8 
RSSI:4 5 15 4 4 4 5 3 4 4 4 4 4 4 4 4 4 4 4 5 5 5 5 4 4 22 24 21 4 4 4 4 13 5 14 15 16 17 16 15 6 5 5 4 5 4 4 4 4 4 4 4 4 5 4 4 5 4 4 4 4 4 4 3 4 4 4 6 6 8 12 16 14 43 48 50 44 37 17 8 
RSSI:4 3 4 4 4 4 4 4 5 4 4 4 4 4 4 4 5 5 4 4 4 4 4 4 4 4 10 4 4 7 9 7 5 5 4 9 4 4 4 4 4 4 5 5 4 4 4 4 5 5 4 4 4 6 7 4 4 4 5 4 4 4 4 4 4 4 4 5 7 8 13 13 17 42 48 51 45 38 15 9 
RSSI:4 4 4 4 4 5 5 6 5 5 5 4 5 5 5 5 5 5 27 28 28 4 5 4 4 4 4 5 4 4 4 4 9 10 17 17 16 14 5 7 9 4 5 5 5 4 4 4 4 4 5 5 5 4 4 4 4 4 5 4 5 4 4 4 4 4 4 5 5 8 12 15 15 44 47 48 45 36 16 7 
RSSI:4 3 4 5 4 4 5 4 4 4 4 5 12 4 20 4 4 4 4 5 5 4 4 7 4 4 4 7 7 7 9 9 11 12 4 16 16 9 9 15 7 6 4 4 5 4 4 5 4 4 4 3 4 4 4 5 4 4 6 4 5 5 4 5 4 4 5 4 6 9 12 12 14 42 48 50 45 37 16 8 
RSSI:5 4 4 4 4 7 10 10 6 6 4 4 4 4 5 4 4 5 4 6 6 5 5 3 4 5 5 7 8 7 10 11 8 16 9 17 5 15 8 5 3 4 3 4 5 4 5 5 4 14 6 4 4 5 4 4 4 17 5 4 4 5 4 4 5 4 4 6 6 8 12 15 14 44 47 50 45 37 17 8 
RSSI:4 4 5 4 3 4 5 4 4 4 4 4 4 4 3 4 4 4 5 4 5 5 4 4 4 4 7 5 6 15 14 15 14 17 10 4 5 15 11 8 5 4 6 4 4 5 4 5 5 4 5 5 4 5 4 4 5 4 5 5 6 6 5 5 5 4 5 6 5 8 12 13 14 40 47 51 44 37 16 8 
RSSI:4 5 4 4 5 4 4 4 2 3 26 11 22 4 4 4 5 4 5 6 4 5 5 5 6 5 6 6 5 5 5 4 5 3 8 7 6 5 5 3 5 6 4 4 4 4 4 5 4 5 4 4 5 5 5 4 4 6 17 4 6 4 4 5 4 4 5 4 14 18 18 16 14 43 48 51 45 35 16 10 
RSSI:4 5 4 5 6 6 6 7 7 24 28 28 26 24 20 12 4 19 4 5 4 4 4 4 5 4 4 6 4 4 4 4 5 4 4 5 4 4 5 3 4 4 4 6 4 4 5 4 4 4 4 4 4 4 6 4 4 5 28 28 26 5 4 4 4 4 4 5 6 8 12 16 16 42 48 51 44 38 17 8 
RSSI:5 4 4 4 5 5 6 6 6 4 4 3 4 4 5 4 4 4 4 4 4 4 4 4 4 4 4 4 8 3 4 8 9 12 6 15 4 17 6 4 5 4 5 6 4 4 4 4 4 4 4 5 4 4 5 4 4 4 4 6 5 9 12 5 10 5 5 5 6 8 11 15 16 44 48 51 45 38 18 8 
RSSI:17 18 20 24 22 20 45 4 5 40 38 34 30 11 4 5 5 10 6 5 7 8 9 4 4 5 4 6 6 7 6 6 6 5 5 4 4 4 4 7 5 4 5 5 5 4 4 4 4 4 7 4 4 5 5 5 6 6 4 4 4 4 4 4 4 4 5 5 6 9 12 15 12 45 48 51 44 37 16 9 
RSSI:3 4 4 4 4 4 5 4 5 4 4 5 8 5 5 4 4 5 4 5 4 4 4 4 4 5 4 4 4 18 19 20 10 3 4 6 6 5 5 4 6 4 4 6 4 3 5 4 4 4 4 5 4 5 6 4 5 5 5 5 5 4 15 4 4 5 4 6 8 8 12 14 15 43 48 50 45 38 18 9 
RSSI:5 27 28 39 41 23 13 8 8 26 4 5 11 4 5 4 4 6 4 5 4 4 4 4 4 5 4 4 4 4 4 3 4 6 4 4 5 4 4 7 7 6 6 5 4 4 4 6 4 4 5 4 5 7 26 26 21 26 25 8 8 6 6 5 3 4 4 5 7 9 12 13 15 44 48 51 45 35 17 8 
RSSI:4 4 9 10 12 4 5 5 5 5 5 5 4 4 4 4 4 5 4 4 5 4 4 5 4 4 5 5 4 11 6 6 6 6 7 12 4 4 4 4 5 4 6 6 3 4 4 4 10 5 5 4 3 4 5 4 4 5 5 4 4 4 5 4 4 5 4 5 7 8 12 15 13 42 48 51 45 37 17 8 
RSSI:6 4 9 30 4 5 4 4 5 4 4 4 4 4 4 4 4 4 4 4 4 4 4 4 4 4 4 5 5 4 4 4 5 6 7 8 6 6 6 4 4 5 4 5 5 5 6 6 7 5 8 17 10 6 7 7 7 8 8 25 27 30 28 25 22 4 6 6 6 9 12 16 15 41 48 51 46 37 17 9 
RSSI:4 4 4 5 4 4 4 4 4 4 4 8 6 5 5 5 5 5 5 4 4 4 5 4 5 5 4 16 15 15 5 4 5 4 4 4 5 5 4 4 5 5 5 6 5 4 4 4 5 4 4 5 4 5 7 5 6 6 5 5 7 6 4 4 4 4 5 6 6 8 12 16 16 43 48 51 44 37 17 9 
RSSI:4 5 5 16 4 4 17 44 6 23 6 17 5 4 12 27 20 9 5 5 4 4 4 5 5 4 4 6 6 4 3 4 4 4 4 5 4 4 5 4 4 4 5 5 5 4 4 4 4 6 4 17 28 30 32 18 33 5 5 4 6 4 3 4 4 5 4 6 7 8 12 13 17 45 48 48 44 37 16 8 
RSSI:4 4 6 6 7 5 4 4 6 6 6 5 4 5 4 5 5 6 6 20 13 22 21 21 5 4 4 4 4 5 4 6 7 6 4 5 5 6 5 5 5 5 4 6 4 4 5 3 4 4 4 5 4 4 5 5 4 5 4 4 4 4 4 4 4 5 4 6 6 8 15 15 16 44 48 51 45 36 18 9 
RSSI:4 4 6 22 40 15 16 13 4 19 22 20 33 22 13 4 4 4 4 4 5 4 4 5 5 5 4 4 11 7 5 4 3 9 14 14 3 12 11 10 4 4 6 5 4 5 3 4 4 4 5 4 4 6 4 4 5 5 5 5 5 4 5 4 5 4 4 6 10 8 12 12 15 42 48 51 45 38 18 8 
RSSI:4 4 5 4 4 4 4 7 8 8 4 4 4 4 4 5 4 4 4 5 4 4 4 4 3 4 6 5 4 4 4 4 4 3 4 6 6 5 4 10 9 4 5 6 5 4 4 4 5 4 4 5 4 5 5 4 5 4 4 5 4 4 6 4 4 4 4 5 6 9 12 15 13 43 48 50 45 37 18 7 
RSSI:4 4 4 4 5 4 4 4 4 5 6 4 4 5 5 5 5 5 6 5 5 27 26 26 4 4 3 4 4 4 4 8 6 10 11 4 5 14 11 8 5 4 5 5 4 6 5 4 4 5 4 4 4 4 4 4 4 6 4 4 5 4 5 4 4 5 5 6 7 8 15 15 19 42 48 51 45 37 18 9 
RSSI:5 7 8 4 5 4 5 4 4 4 5 4 4 4 5 3 5 4 4 4 4 4 4 4 5 4 4 6 4 5 4 4 4 4 18 4 11 11 4 5 4 5 6 5 4 4 4 5 4 4 4 4 4 5 5 4 4 5 6 5 4 5 4 4 4 4 5 6 6 9 12 16 16 42 48 51 45 35 17 8 
RSSI:4 4 4 5 5 6 6 4 4 4 9 7 6 6 12 15 4 4 5 5 4 4 4 6 6 6 6 4 3 4 10 10 13 15 4 5 5 5 4 4 4 5 5 5 5 4 4 5 4 4 5 4 4 5 5 4 4 4 16 4 4 5 4 4 5 4 5 6 6 9 12 16 15 42 48 50 45 37 17 8 
RSSI:3 4 5 7 7 7 6 5 4 4 4 4 4 5 5 3 4 4 4 4 4 4 4 5 5 5 4 3 5 4 4 5 4 4 13 13 12 4 3 4 5 4 4 5 5 4 5 4 5 4 4 5 4 5 5 4 4 4 5 5 5 4 5 4 4 5 4 5 8 9 13 13 13 43 47 51 45 37 17 9 
RSSI:4 4 7 9 10 6 4 4 5 4 4 4 4 5 4 4 5 5 5 5 6 4 5 4 5 6 6 5 6 6 6 5 4 4 4 5 4 5 5 4 4 4 5 6 4 3 5 3 4 4 4 4 5 5 4 4 4 4 5 4 5 4 4 5 4 4 4 6 7 10 12 14 18 46 48 51 45 37 18 8 
RSSI:4 4 4 4 3 4 4 4 5 4 4 4 4 4 5 4 7 6 5 5 5 5 4 4 5 4 5 6 11 13 4 6 4 5 5 4 6 4 7 6 4 4 5 4 6 4 4 5 4 4 6 4 6 6 4 4 4 4 6 4 5 5 4 4 4 5 5 6 8 8 13 13 15 43 48 51 45 37 15 8 
RSSI:4 10 9 4 4 4 3 4 5 5 4 4 4 6 4 5 4 4 5 4 5 4 4 5 4 4 4 4 8 7 7 7 4 3 5 5 4 4 4 5 4 4 5 5 4 5 4 5 9 4 4 4 4 5 4 4 5 4 6 4 4 4 4 4 5 4 5 7 7 17 17 18 13 41 48 51 44 37 16 8 
RSSI:4 5 4 4 4 5 6 7 7 4 30 32 32 24 20 14 4 5 4 4 5 8 7 7 5 5 6 4 7 4 5 4 3 4 4 4 5 6 5 4 4 3 5 5 5 5 4 4 5 5 5 4 4 6 5 18 5 4 4 28 26 23 4 5 4 4 4 5 6 8 13 13 15 42 48 51 44 37 16 8 
RSSI:4 4 5 3 5 6 6 6 6 5 4 5 4 4 4 4 4 4 4 5 3 4 5 4 4 5 7 8 4 4 5 4 4 5 18 18 4 4 4 6 4 4 5 4 5 4 4 5 6 4 5 4 4 5 4 5 4 15 5 4 4 9 12 17 4 4 5 5 9 9 12 16 14 43 48 50 44 39 17 8 
RSSI:3 4 20 23 26 20 17 8 7 7 7 5 8 23 12 6 4 9 5 4 4 4 4 4 4 4 5 4 5 5 4 5 6 5 5 5 5 4 4 3 5 3 4 5 4 4 4 5 5 4 4 14 21 24 6 6 5 6 7 6 4 4 4 10 5 4 5 6 6 8 14 16 17 42 48 51 45 37 17 9 
RSSI:3 4 4 4 4 4 5 4 4 5 5 4 5 4 4 4 4 5 4 5 5 4 4 4 4 4 4 4 5 4 4 20 20 19 5 5 4 4 5 3 4 4 5 5 4 4 4 4 5 4 4 5 4 5 6 5 4 5 4 5 4 4 5 4 4 6 5 6 10 8 12 15 15 42 48 51 44 39 17 8 
RSSI:5 4 5 4 4 48 48 48 6 7 7 8 20 4 20 4 6 3 6 4 4 5 5 4 4 4 5 4 4 5 4 4 4 4 4 4 5 4 4 4 5 5 7 7 5 4 5 4 5 4 4 5 4 5 6 5 4 5 6 6 5 5 5 4 4 5 4 7 6 9 12 16 18 43 48 50 45 38 16 8 
RSSI:3 5 4 3 5 4 4 13 14 15 12 13 14 4 5 6 4 5 5 5 4 5 4 4 5 5 6 5 5 6 6 5 6 6 6 4 5 5 5 4 6 4 5 5 4 5 4 4 6 4 4 4 4 5 4 4 6 5 5 6 4 4 4 4 4 5 5 6 6 11 14 12 15 43 48 51 45 36 17 9 
RSSI:16 5 6 8 9 26 45 4 4 5 4 5 4 4 5 4 4 4 4 5 4 5 5 4 4 5 4 4 5 4 4 4 4 5 4 9 9 8 4 4 5 4 4 5 6 4 4 5 5 4 5 6 5 4 26 26 26 25 17 9 8 14 4 28 24 9 7 7 10 8 14 16 14 42 48 50 45 36 17 8 
RSSI:4 4 4 5 6 6 5 4 5 4 5 4 4 4 4 5 4 4 5 4 4 4 4 4 4 4 4 4 5 5 13 11 10 5 5 4 4 5 5 4 5 4 5 5 5 4 3 4 4 5 4 4 5 4 4 5 4 4 4 5 5 4 4 4 4 4 5 5 6 10 12 15 17 42 48 50 45 37 16 8 
RSSI:20 19 26 15 5 22 13 23 4 5 6 6 5 4 5 4 4 4 4 4 4 4 5 4 4 5 4 4 5 6 7 6 7 6 4 4 4 4 5 4 4 4 6 5 4 5 4 5 4 4 5 4 4 5 5 32 25 27 28 4 5 4 4 5 3 4 4 5 12 8 14 13 16 44 48 51 45 36 16 10 
RSSI:4 4 4 4 4 6 6 5 4 4 5 5 4 4 6 4 4 4 5 8 8 12 15 16 4 4 4 4 4 5 4 4 4 4 3 5 5 5 4 6 5 3 5 6 4 4 4 4 5 4 4 6 4 4 6 4 4 4 5 5 4 4 5 4 4 4 5 6 6 9 15 16 15 44 48 51 45 39 17 10 
RSSI:4 4 5 5 6 8 8 8 4 4 4 17 4 4 4 4 5 4 4 5 4 4 4 4 4 5 5 5 5 4 6 4 5 4 5 4 4 3 5 4 3 4 5 5 5 6 5 6 12 19 23 17 10 31 4 5 4 4 5 4 4 4 3 5 4 4 5 6 6 9 12 17 19 44 49 51 45 39 17 8 
RSSI:4 4 5 4 5 6 5 6 6 5 4 5 5 6 4 4 5 4 5 5 4 4 5 4 4 4 4 5 6 6 7 5 3 5 6 4 4 4 5 4 4 6 5 5 5 4 4 4 4 6 4 4 5 5 4 4 4 5 5 5 6 4 4 4 4 4 4 5 7 8 12 15 16 41 48 48 45 37 16 7 
RSSI:4 4 4 4 15 4 4 4 4 4 4 4 4 4 4 4 4 4 4 5 3 5 6 4 4 4 4 4 11 9 8 7 7 4 3 4 5 4 5 4 5 4 5 5 5 4 3 5 4 4 4 4 3 5 4 4 4 4 6 6 5 5 4 5 4 4 5 4 6 9 13 13 13 41 48 51 45 37 17 8 
RSSI:4 4 4 5 5 4 5 4 4 4 4 4 4 4 5 5 4 5 4 5 4 7 5 4 5 5 6 5 6 5 6 5 4 4 4 5 6 6 5 5 3 4 6 4 4 4 4 4 5 4 6 4 4 5 5 4 4 5 6 4 5 5 4 4 4 4 5 5 6 11 12 16 13 43 48 50 45 36 17 8 
RSSI:4 5 4 4 5 5 6 6 7 6 5 4 5 4 4 4 18 4 5 4 5 4 26 25 6 4 4 5 4 4 4 4 5 4 4 5 4 4 12 8 6 6 4 4 6 4 4 4 5 5 4 4 5 4 4 5 4 5 4 5 4 4 4 5 4 4 5 6 7 8 13 14 13 43 48 51 44 38 17 8 
RSSI:5 4 5 5 4 4 4 4 5 4 5 5 4 4 4 4 4 4 5 5 4 4 5 4 4 3 4 4 4 5 6 5 4 4 5 5 5 4 4 4 3 3 5 5 6 5 4 5 5 4 4 5 5 4 5 4 4 4 5 4 4 4 4 5 4 4 6 6 6 9 12 16 13 42 48 51 44 38 17 9 
RSSI:5 4 4 5 5 6 6 6 6 4 5 5 6 4 4 4 16 20 18 4 4 4 4 4 8 6 6 5 4 4 5 5 13 15 17 5 4 4 6 4 5 5 5 4 6 5 4 4 5 6 4 4 5 11 4 6 4 5 5 4 5 4 4 5 4 4 5 5 6 8 12 14 16 43 48 51 45 36 17 8 
RSSI:5 3 4 5 4 4 4 4 5 4 4 21 4 4 5 4 4 5 4 4 5 4 4 4 4 5 4 4 4 4 4 4 4 4 4 4 5 9 7 7 5 4 5 4 5 4 4 5 4 4 5 4 5 4 4 4 4 4 5 5 6 6 4 4 4 4 5 5 6 9 12 15 16 43 48 51 45 36 18 8 
RSSI:9 4 4 5 4 11 11 11 4 4 5 4 4 5 5 4 4 4 6 5 6 4 4 4 5 5 5 6 7 4 5 5 4 4 4 5 4 4 5 4 4 4 5 5 4 4 6 4 5 4 4 4 4 4 6 4 4 5 5 5 5 4 4 4 4 5 4 5 6 8 12 12 13 43 48 51 45 34 16 7 
RSSI:4 4 4 4 4 5 4 4 4 4 4 4 4 4 4 4 5 4 5 5 5 5 6 5 5 4 4 5 3 4 11 10 8 4 5 4 5 4 4 4 4 5 4 5 5 3 4 5 4 4 5 4 4 4 4 5 4 4 6 5 5 5 5 4 4 4 6 5 6 9 11 13 14 42 48 50 45 37 18 8 
RSSI:5 4 5 5 4 4 4 4 4 4 4 5 4 4 6 4 5 4 6 4 5 5 6 4 5 6 5 5 5 5 5 4 4 4 4 4 5 5 4 4 4 4 5 4 5 3 4 5 4 4 5 4 4 6 5 6 7 5 5 5 4 7 6 4 4 5 5 5 10 9 12 15 19 44 48 50 46 37 17 9 
RSSI:4 4 4 4 4 5 5 5 6 7 7 6 5 24 20 14 13 5 4 5 4 3 4 6 6 5 4 6 4 4 6 4 4 5 5 4 5 4 4 3 5 4 5 4 5 4 4 5 4 4 4 4 5 4 5 5 6 5 6 4 5 4 19 12 6 4 4 6 7 8 13 13 16 42 47 51 44 37 17 8 
RSSI:4 4 5 6 5 5 6 4 4 5 4 44 31 26 7 4 5 4 4 4 4 4 5 4 5 5 4 5 4 4 4 3 5 4 4 5 4 6 5 3 3 4 5 6 4 4 5 4 4 5 4 8 4 4 5 4 4 5 4 4 4 4 5 7 19 20 11 6 6 9 14 15 15 43 47 51 44 37 17 7 
RSSI:4 21 10 4 32 30 31 30 30 21 12 26 18 27 26 14 19 4 5 4 4 4 6 6 4 4 5 4 4 4 4 5 5 5 6 5 6 6 5 5 6 4 6 4 5 4 4 5 6 4 4 4 20 24 7 8 6 6 6 5 6 4 4 4 10 4 5 4 6 8 14 15 18 42 47 51 45 36 17 9 
RSSI:4 18 27 33 20 24 31 14 5 18 7 14 24 13 4 4 4 4 5 7 5 4 4 4 4 4 4 4 4 24 34 34 5 5 4 4 5 5 5 4 4 5 5 4 6 4 4 5 5 5 4 4 6 5 5 6 4 5 5 4 5 4 4 5 6 4 5 5 6 8 14 12 15 42 47 51 44 37 18 7 
RSSI:5 4 4 4 42 41 41 13 12 15 24 5 4 4 4 4 4 4 4 4 4 4 4 4 4 4 5 4 5 4 5 4 4 4 5 4 4 4 5 5 5 9 9 6 5 4 4 4 5 4 4 4 5 4 5 6 7 8 7 6 6 7 6 5 4 4 4 5 6 9 12 12 16 42 48 51 45 37 17 7 
RSSI:4 4 4 4 4 12 12 14 4 5 5 5 5 4 4 4 4 4 4 4 4 4 4 5 4 4 5 4 4 5 4 5 6 5 5 5 4 6 3 5 4 4 5 5 4 5 4 4 5 5 4 5 4 5 4 4 5 4 4 5 4 4 4 3 4 4 4 6 6 8 14 13 16 42 51 48 45 38 17 8 
RSSI:5 7 7 7 5 42 4 34 28 11 42 39 32 28 10 4 5 4 5 4 4 4 4 4 4 4 4 5 4 4 4 4 3 4 5 5 7 6 5 6 5 4 4 4 5 3 4 4 6 8 8 18 5 5 4 7 7 5 8 6 7 19 19 26 20 15 9 6 6 9 12 14 14 42 47 51 45 36 16 7 
RSSI:4 4 5 5 5 5 5 5 5 4 4 4 4 5 5 4 5 5 5 5 5 5 5 5 5 5 8 12 13 13 12 7 4 4 6 4 4 5 5 5 4 5 6 4 4 4 4 4 5 4 4 5 4 19 4 4 4 4 4 4 4 4 5 4 4 4 4 5 5 7 12 12 13 41 50 50 43 36 16 7 
RSSI:13 4 4 8 22 43 36 35 6 5 6 5 4 4 5 5 4 4 4 4 4 4 4 4 5 4 5 6 6 6 7 4 5 5 5 5 5 4 4 5 4 3 5 20 27 28 6 4 4 7 8 4 5 5 32 31 32 32 32 5 4 4 6 4 3 4 4 6 6 10 12 13 14 40 47 49 44 35 16 6 
RSSI:4 4 5 5 5 6 6 4 5 4 5 4 4 5 25 4 5 6 6 9 7 11 4 4 4 5 4 4 4 4 5 4 4 6 5 5 5 4 4 5 5 4 5 4 5 4 5 6 4 4 4 4 4 5 4 5 4 4 6 4 5 4 4 5 4 4 6 6 6 9 13 14 16 43 47 50 46 36 16 8 
RSSI:4 4 4 6 6 8 5 4 4 15 4 3 5 4 5 4 4 4 4 4 4 4 4 5 4 4 5 4 4 4 4 5 4 4 5 5 5 4 4 4 4 4 6 6 6 5 6 8 13 20 4 5 4 4 5 4 4 4 4 5 4 3 5 4 4 5 4 5 5 8 11 12 14 41 47 48 43 36 15 7 
RSSI:5 4 5 5 5 5 6 5 5 5 6 6 7 5 5 5 4 4 5 4 4 5 4 4 4 4 5 4 4 5 6 5 6 4 4 4 4 5 4 3 5 4 5 6 5 4 4 5 5 4 4 5 4 4 5 4 4 4 4 5 4 4 5 4 4 5 5 5 10 7 11 12 15 42 49 46 44 34 16 7 
RSSI:4 5 5 10 4 8 4 4 5 4 4 4 4 4 4 4 5 4 5 5 5 5 5 4 4 4 4 20 15 4 4 4 4 4 4 4 4 4 4 5 3 4 5 4 4 5 4 4 13 4 4 4 4 5 4 4 5 4 5 4 4 4 4 4 4 4 4 6 6 9 12 12 12 44 47 50 44 36 17 8 
RSSI:3 6 5 5 4 5 4 4 4 5 4 4 5 4 4 5 4 4 4 4 4 4 4 4 4 4 5 4 4 4 4 4 4 4 5 5 5 5 4 4 5 5 5 4 4 5 4 4 5 4 4 4 4 5 4 4 4 4 4 4 4 4 4 3 18 4 4 6 7 8 12 16 13 44 47 51 45 36 19 9 
RSSI:4 4 5 4 4 4 4 5 5 4 6 5 4 4 5 5 6 5 6 6 20 23 23 4 4 5 4 4 3 4 4 4 4 4 4 5 5 14 10 7 5 4 5 5 4 4 4 4 5 4 4 22 7 7 7 6 6 6 6 5 5 4 5 4 3 4 5 5 6 7 12 13 16 42 48 51 45 39 17 8 
RSSI:4 4 6 4 4 4 4 5 4 2 20 20 20 3 3 3 4 4 4 7 4 4 4 4 4 4 4 5 5 4 5 4 4 4 5 4 4 4 5 4 6 5 5 4 5 4 4 4 4 4 4 4 4 4 4 4 4 4 4 4 4 4 4 5 4 4 5 6 6 8 12 14 16 43 48 51 45 38 18 8 
RSSI:4 11 3 5 5 6 5 4 38 22 9 7 5 6 9 13 3 4 5 4 4 4 7 6 7 6 6 4 5 10 12 12 4 5 5 5 5 3 4 4 3 4 6 4 5 4 4 5 5 4 4 4 4 5 4 4 4 4 5 5 4 4 4 3 4 4 4 5 5 9 12 16 13 43 48 51 45 40 18 10 
RSSI:6 6 8 9 11 11 4 8 8 8 6 7 7 5 5 5 5 5 4 5 5 5 6 5 6 5 6 5 5 4 4 4 6 14 14 4 4 3 5 4 3 4 5 5 4 4 5 3 4 4 4 3 4 4 4 4 4 6 6 4 4 4 4 4 4 5 4 5 11 8 12 14 14 43 48 51 45 38 17 11 
RSSI:4 4 4 5 4 5 6 5 4 3 4 4 4 4 4 4 4 5 6 4 4 3 4 4 4 4 4 4 5 4 5 4 5 8 8 7 5 5 4 4 4 4 4 5 4 4 4 4 4 4 8 4 7 11 4 11 28 4 28 18 26 14 4 4 3 4 4 7 10 8 12 17 17 44 49 51 45 36 17 10 
RSSI:9 19 4 18 24 29 40 14 6 6 4 4 18 18 14 12 8 5 5 4 4 4 4 4 4 5 4 4 4 4 4 5 4 4 4 4 5 4 4 5 4 4 5 4 5 4 4 5 4 4 4 4 4 4 3 6 6 6 6 4 4 22 19 12 4 5 4 5 6 8 12 12 13 42 49 51 
